10 2
0.00012433336579215784 1.0001242538064568 0.00012433336579215787 -0.0006976352581466226 0.018547995612621025 9.023226733320107e-07 0.007548514679686786 -4.900658422671048e-06 9.023226733320107e-07 0.018547994419295503 9.023226733320108e-07 0.007542710439876311 0.007548514679686786 9.023226733320108e-07 1.008547995612621 -4.90065842267105e-06 -4.900658422671048e-06 0.007542710439876311 -4.90065842267105e-06 1.0093576018892942 0.00974718862058
0.0001241795195898876 8.638884842312397 0.0017679743704532675 7.653048228518692 0.018547993294132235 -1.798084729791368e-06 0.0075601186945420335 0.00010291185549762371 -1.798084729791368e-06 0.01855760236355844 -0.00011468529877274304 0.007452186070030823 0.0075601186945420335 -0.00011468529877274304 1.010212298749779 -3.325705986202683e-05 0.00010291185549762371 0.007452186070030823 -3.325705986202683e-05 1.0223085163394472 0.00974708946639
7.638891178220433 1.0001210463509216 7.625085147107346 -0.0014812741824154856 0.01855734114234532 -1.753484253803195e-06 0.007661209703712571 0.00010829564321378922 -1.753484253803195e-06 0.018547973346115396 -0.00010386474631895635 0.007537173409984866 0.007661209703712571 -0.00010386474631895635 1.0223794657233225 -1.5937305987757857e-05 0.00010829564321378922 0.007537173409984866 -1.5937305987757857e-05 1.0101250894163505 0.00999938223496
7.638878514451502 8.638878432886528 7.631516734129553 7.6461439052677695 0.01855786317371246 1.0773475100335275e-05 0.007614162755753673 -4.193156546552729e-05 1.0773475100335275e-05 0.018557864375393328 6.345343361971968e-05 0.007504048181981796 0.007614162755753673 6.345343361971968e-05 1.0159770077421686 6.423520465975155e-05 -4.193156546552729e-05 0.007504048181981796 6.423520465975155e-05 1.0156618781728226 0.00950751049044
3.80675377199882 4.8355530732262615 3.678222238173302 3.7032637390557746 0.2455098693113679 -0.06407775759647141 -0.10333193273409687 0.08459902670161351 -0.06407775759647141 0.2613368603970479 -0.04235659478025806 -0.2405816081156184 -0.10333193273409687 -0.04235659478025806 1.843483530100925 0.7258746153554041 0.08459902670161351 -0.2405816081156184 0.7258746153554041 1.9522376455858756 0.0115339159369
0 0 0 0 0.01 0 0.009000000000000001 0 0 0.01 0 0.009000000000000001 0.009000000000000001 0 0.01 0 0 0.009000000000000001 0 0.01 1
0 9 0 9 0.01 0 0.009000000000000001 0 0 0.01 0 0.009000000000000001 0.009000000000000001 0 0.01 0 0 0.009000000000000001 0 0.01 1
9 0 9 0 0.01 0 0.009000000000000001 0 0 0.01 0 0.009000000000000001 0.009000000000000001 0 0.01 0 0 0.009000000000000001 0 0.01 1
9 9 9 9 0.01 0 0.009000000000000001 0 0 0.01 0 0.009000000000000001 0.009000000000000001 0 0.01 0 0 0.009000000000000001 0 0.01 1
4.5 4.5 4.5 4.5 0.01 0 0.009000000000000001 0 0 0.01 0 0.009000000000000001 0.009000000000000001 0 0.01 0 0 0.009000000000000001 0 0.01 1
10 1
1.2152782641804052 0.14249181221864524 -0.11058977834473199 -0.05993949576672192 1.4229385644888302 0.4662028254243564 -0.7960411484978172 -0.18953745244726541 0.4662028254243564 0.9760560596509281 -0.21805161342190335 -0.4278410549016393 -0.7960411484978172 -0.21805161342190335 1.5253627034285628 0.10926060659751342 -0.18953745244726541 -0.4278410549016393 0.10926060659751342 1.2583539983271492 0.0202606751846
1.0000586661959412 7.638970984128124 0.0015469996247287157 7.6448324558909535 0.018547524543507415 -1.1738069422878763e-06 0.007558646527914911 4.274365176752212e-05 -1.1738069422878763e-06 0.0185555414626268 -0.0001035129531464501 0.007511910846161177 0.007558646527914911 -0.0001035129531464501 1.0100548551823398 -6.831931880314967e-05 4.274365176752212e-05 0.007511910846161177 -6.831931880314967e-05 1.0142943635189225 0.034583223235
8.63896858982506 6.041800581873714e-05 7.632919907937924 -0.0012244604674544143 0.018555708760769615 -1.1999248553799472e-06 0.00760218758768834 8.714639909048239e-05 -1.1999248553799472e-06 0.018547538613384644 -4.6088852214682934e-05 0.007538900724806963 0.00760218758768834 -4.6088852214682934e-05 1.0146597294061714 3.448565058272153e-05 8.714639909048239e-05 0.007538900724806963 3.448565058272153e-05 1.0098124580538144 0.0338244124888
8.638923861251866 7.638923914557404 7.634379816928895 7.6436686702972 0.018557219313464417 1.0132253113614885e-05 0.007592177308992641 -2.45285799289028e-05 1.0132253113614885e-05 0.018557218523282612 4.305244257425147e-05 0.0075220634724135595 0.007592177308992641 4.305244257425147e-05 1.0131494936079324 2.9951989915034342e-05 -2.45285799289028e-05 0.0075220634724135595 2.9951989915034342e-05 1.0132081137735627 0.0290956563031
4.815578284841723 3.8157026508851106 3.769813261839264 3.8459407882307928 0.018645779432020917 0.00010226325754748931 0.007813759537038945 0.0002805372422173594 0.00010226325754748931 0.018646756330228314 -0.00013825745099389991 0.007534765657444163 0.007813759537038945 -0.00013825745099389991 1.0526490029890443 0.0014238655848526002 0.0002805372422173594 0.007534765657444163 0.0014238655848526002 1.0377432450551478 0.0180062371
0 0 0 0 0.01 0 0.009000000000000001 0 0 0.01 0 0.009000000000000001 0.009000000000000001 0 0.01 0 0 0.009000000000000001 0 0.01 1
0 9 0 9 0.01 0 0.009000000000000001 0 0 0.01 0 0.009000000000000001 0.009000000000000001 0 0.01 0 0 0.009000000000000001 0 0.01 1
9 0 9 0 0.01 0 0.009000000000000001 0 0 0.01 0 0.009000000000000001 0.009000000000000001 0 0.01 0 0 0.009000000000000001 0 0.01 1
9 9 9 9 0.01 0 0.009000000000000001 0 0 0.01 0 0.009000000000000001 0.009000000000000001 0 0.01 0 0 0.009000000000000001 0 0.01 1
4.5 4.5 4.5 4.5 0.01 0 0.009000000000000001 0 0 0.01 0 0.009000000000000001 0.009000000000000001 0 0.01 0 0 0.009000000000000001 0 0.01 1
10 2
9.797979581746448e-05 1.0000979797958176 0.001335139043663384 9.797979581746448e-05 0.018547799510521653 7.077590933913993e-07 0.00755708626200571 7.077590933913799e-07 7.077590933913993e-07 0.018547799510521653 9.475375734223603e-06 0.00754831864536488 0.00755708626200571 9.475375734223603e-06 1.0098009634286453 9.475375734223672e-06 7.077590933913799e-07 0.00754831864536488 9.475375734223672e-06 1.0085477995105223 0.0158227746346
6.138964271289636e-05 8.638965782855697 0.0014822663474466306 7.645115689883466 0.018547543782315976 -1.2199367908349485e-06 0.007558181822852674 4.4417848295077634e-05 -1.2199367908349485e-06 0.01855585145650889 -9.891330756482275e-05 0.007509656953338589 0.007558181822852674 -9.891330756482275e-05 1.009986644782256 -6.201378211094725e-05 4.4417848295077634e-05 0.007509656953338589 -6.201378211094725e-05 1.0145745152262315 0.0275538220882
7.638920322686173 1.0000891861272898 7.636448944492551 -0.0015623978786575708 0.018557381281895255 -1.546852096283988e-06 0.00757722177322255 0.00011193387910709134 -1.546852096283988e-06 0.018547733956613265 -1.9155617431053434e-05 0.007536533990891686 0.00757722177322255 -1.9155617431053434e-05 1.011061294430402 9.02434250750909e-05 0.00011193387910709134 0.007536533990891686 9.02434250750909e-05 1.0101731519837949 0.0237048698647
7.638853946162048 8.63885394616205 7.638754604745749 7.641184966720939 0.01856069308307345 1.3633044637982289e-05 0.007562705348325571 -3.481016941249883e-06 1.3633044637982289e-05 0.018560693083073447 1.360584287520287e-05 0.007544104566635172 0.007562705348325571 1.360584287520287e-05 1.008662998070878 -3.2766518202911274e-06 -3.481016941249883e-06 0.007544104566635172 -3.2766518202911274e-06 1.010852051861961 0.0237813404416
3.815675531470197 4.815561664904046 3.80074003354342 3.8678359076477653 0.01864768150023449 0.00010433975208343372 0.007705088893642859 0.0002508812510527216 0.00010433975208343372 0.01864678209521882 -6.936311994276303e-05 0.007459352663525569 0.007705088893642859 -6.936311994276303e-05 1.0234715721569676 0.0008579202231491897 0.0002508812510527216 0.007459352663525569 0.0008579202231491897 1.0578102165625813 0.0148464533983
0 0 0 0 0.01 0 0.009000000000000001 0 0 0.01 0 0.009000000000000001 0.009000000000000001 0 0.01 0 0 0.009000000000000001 0 0.01 1
0 9 0 9 0.01 0 0.009000000000000001 0 0 0.01 0 0.009000000000000001 0.009000000000000001 0 0.01 0 0 0.009000000000000001 0 0.01 1
9 0 9 0 0.01 0 0.009000000000000001 0 0 0.01 0 0.009000000000000001 0.009000000000000001 0 0.01 0 0 0.009000000000000001 0 0.01 1
9 9 9 9 0.01 0 0.009000000000000001 0 0 0.01 0 0.009000000000000001 0.009000000000000001 0 0.01 0 0 0.009000000000000001 0 0.01 1
4.5 4.5 4.5 4.5 0.01 0 0.009000000000000001 0 0 0.01 0 0.009000000000000001 0.009000000000000001 0 0.01 0 0 0.009000000000000001 0 0.01 1
10 0
-0.999875666619096 0.0001242538215686434 0.0009462224446860846 -0.0011085797741044474 0.01854799561284876 9.023229009750158e-07 0.007554317660992287 -7.802148715701304e-06 9.023229009750158e-07 0.018547994419523237 6.705369367706886e-06 0.0075398089168888845 0.007554317660992287 6.705369367706886e-06 1.0093808151371533 -9.858497992226408e-07 -7.802148715701304e-06 0.0075398089168888845 -9.858497992226408e-07 1.0097618989971218 0.00974718863032
-0.9998757455141937 7.638884843557159 0.0013570945128544797 7.645966522067745 0.018547994423891975 -1.7980569916577678e-06 0.007557218105349167 5.055643291255426e-05 -1.7980569916577678e-06 0.018557602312246294 -8.646304938015773e-05 0.007505153645166428 0.007557218105349167 -8.646304938015773e-05 1.0097967237849892 -4.283913620248152e-05 5.055643291255426e-05 0.007505153645166428 -4.283913620248152e-05 1.015483195183813 0.00974713778201
6.638891179403174 0.00012111944082622797 7.625085214998589 -0.0014811933503579226 0.018557341093574816 -1.7534578903093832e-06 0.0076612091718096095 0.00010829513973287999 -1.7534578903093832e-06 0.018547974447924956 -0.0001038632174937963 0.007537174683505566 0.0076612091718096095 -0.0001038632174937963 1.0223793998419217 -1.5936093230705577e-05 0.00010829513973287999 0.007537174683505566 -1.5936093230705577e-05 1.0101250831444226 0.00999943055058
6.6388848448831945 7.638884765323859 7.624721623805936 7.63908825821393 0.018557602258008444 1.051015129323069e-05 0.0076640553290541966 1.0561251299635573e-05 1.051015129323069e-05 0.018557603431148068 0.00011341977371232116 0.007555070800330137 0.0076640553290541966 0.00011341977371232116 1.0227320945119445 0.00011635298850847542 1.0561251299635573e-05 0.007555070800330137 0.00011635298850847542 1.0087549515160936 0.00974718863032
2.8081995973348977 3.809670962620352 3.7309055110213047 3.7507687910645426 0.17294592450451537 -0.02760388016491209 -0.03388953266777691 0.06085266646421039 -0.02760388016491209 0.14321116508453513 0.0568661192276111 -0.021722052482376415 -0.03388953266777691 0.0568661192276111 1.5458968602140595 0.4263845375573118 0.06085266646421039 -0.021722052482376415 0.4263845375573118 1.45998399657986 0.0114499042032
0 0 0 0 0.01 0 0.009000000000000001 0 0 0.01 0 0.009000000000000001 0.009000000000000001 0 0.01 0 0 0.009000000000000001 0 0.01 1
0 9 0 9 0.01 0 0.009000000000000001 0 0 0.01 0 0.009000000000000001 0.009000000000000001 0 0.01 0 0 0.009000000000000001 0 0.01 1
9 0 9 0 0.01 0 0.009000000000000001 0 0 0.01 0 0.009000000000000001 0.009000000000000001 0 0.01 0 0 0.009000000000000001 0 0.01 1
9 9 9 9 0.01 0 0.009000000000000001 0 0 0.01 0 0.009000000000000001 0.009000000000000001 0 0.01 0 0 0.009000000000000001 0 0.01 1
4.5 4.5 4.5 4.5 0.01 0 0.009000000000000001 0 0 0.01 0 0.009000000000000001 0.009000000000000001 0 0.01 0 0 0.009000000000000001 0 0.01 1
10 1
1.2152782641804052 0.14249181221864524 -0.11058977834473199 -0.05993949576672192 1.4229385644888302 0.4662028254243564 -0.7960411484978172 -0.18953745244726541 0.4662028254243564 0.9760560596509281 -0.21805161342190335 -0.4278410549016393 -0.7960411484978172 -0.21805161342190335 1.5253627034285628 0.10926060659751342 -0.18953745244726541 -0.4278410549016393 0.10926060659751342 1.2583539983271492 0.0202606751846
1.0000586661959412 7.638970984128124 0.0015469996247287157 7.6448324558909535 0.018547524543507415 -1.1738069422878763e-06 0.007558646527914911 4.274365176752212e-05 -1.1738069422878763e-06 0.0185555414626268 -0.0001035129531464501 0.007511910846161177 0.007558646527914911 -0.0001035129531464501 1.0100548551823398 -6.831931880314967e-05 4.274365176752212e-05 0.007511910846161177 -6.831931880314967e-05 1.0142943635189225 0.034583223235
8.63896858982506 6.041800581873714e-05 7.632919907937924 -0.0012244604674544143 0.018555708760769615 -1.1999248553799472e-06 0.00760218758768834 8.714639909048239e-05 -1.1999248553799472e-06 0.018547538613384644 -4.6088852214682934e-05 0.007538900724806963 0.00760218758768834 -4.6088852214682934e-05 1.0146597294061714 3.448565058272153e-05 8.714639909048239e-05 0.007538900724806963 3.448565058272153e-05 1.0098124580538144 0.0338244124888
8.638923861251866 7.638923914557404 7.634379816928895 7.6436686702972 0.018557219313464417 1.0132253113614885e-05 0.007592177308992641 -2.45285799289028e-05 1.0132253113614885e-05 0.018557218523282612 4.305244257425147e-05 0.0075220634724135595 0.007592177308992641 4.305244257425147e-05 1.0131494936079324 2.9951989915034342e-05 -2.45285799289028e-05 0.0075220634724135595 2.9951989915034342e-05 1.0132081137735627 0.0290956563031
4.815578284841723 3.8157026508851106 3.769813261839264 3.8459407882307928 0.018645779432020917 0.00010226325754748931 0.007813759537038945 0.0002805372422173594 0.00010226325754748931 0.018646756330228314 -0.00013825745099389991 0.007534765657444163 0.007813759537038945 -0.00013825745099389991 1.0526490029890443 0.0014238655848526002 0.0002805372422173594 0.007534765657444163 0.0014238655848526002 1.0377432450551478 0.0180062371
0 0 0 0 0.01 0 0.009000000000000001 0 0 0.01 0 0.009000000000000001 0.009000000000000001 0 0.01 0 0 0.009000000000000001 0 0.01 1
0 9 0 9 0.01 0 0.009000000000000001 0 0 0.01 0 0.009000000000000001 0.009000000000000001 0 0.01 0 0 0.009000000000000001 0 0.01 1
9 0 9 0 0.01 0 0.009000000000000001 0 0 0.01 0 0.009000000000000001 0.009000000000000001 0 0.01 0 0 0.009000000000000001 0 0.01 1
9 9 9 9 0.01 0 0.009000000000000001 0 0 0.01 0 0.009000000000000001 0.009000000000000001 0 0.01 0 0 0.009000000000000001 0 0.01 1
4.5 4.5 4.5 4.5 0.01 0 0.009000000000000001 0 0 0.01 0 0.009000000000000001 0.009000000000000001 0 0.01 0 0 0.009000000000000001 0 0.01 1
10 3
9.797979581746448e-05 -0.9999020202041826 0.0017475254596120236 9.79797958174645e-05 0.01854779951052165 7.077590933913636e-07 0.007560008800885989 7.077590933913798e-07 7.077590933913636e-07 0.01854779951052165 1.2397914614500994e-05 0.007548318645364877 0.007560008800885989 1.2397914614500994e-05 1.0102180044844618 1.2397914614501102e-05 7.077590933913798e-07 0.007548318645364877 1.2397914614501102e-05 1.008547799510522 0.0158227746346
0.00010675138089769936 6.638901049086477 0.001754263771675638 7.641233837585968 0.018547864742629382 -1.672740178913426e-06 0.007560045148213853 1.586325190684712e-05 -1.672740178913426e-06 0.0185575137493282 -0.00011484195623800453 0.007540795835734025 0.007560045148213853 -0.00011484195623800453 1.0102159854255996 -0.00010114926211022005 1.586325190684712e-05 0.007540795835734025 -0.00010114926211022005 1.0108503862975484 0.0237634534045
7.638937186848961 -0.9999284776577533 7.631838762706285 -0.0019977279717240276 0.018557283432236983 -1.4192488414833125e-06 0.00761101695048641 0.0001407943302374839 -1.4192488414833125e-06 0.01854760183897433 -5.452196220984004e-05 0.007533401737571173 0.00761101695048641 -5.452196220984004e-05 1.0157117485788154 7.300320048319497e-05 0.0001407943302374839 0.007533401737571173 7.300320048319497e-05 1.0105831317459895 0.0236502222974
7.638890321884804 6.638888800618978 7.631730297590815 7.639121630068102 0.01856047495778555 1.3446092608689244e-05 0.0076148433619597725 1.3502773133467918e-05 1.3446092608689244e-05 0.018560497404032688 6.52495797752968e-05 0.0075575304887609 0.0076148433619597725 6.52495797752968e-05 1.0157769187716905 6.697332481218808e-05 1.3502773133467918e-05 0.0075575304887609 6.697332481218808e-05 1.0087862874725204 0.0236665353581
3.8156755314701956 2.815561664904047 3.8082077825068086 3.8678359076477644 0.0186476815002345 0.00010433975208343151 0.007677223436573844 0.00025088125105276197 0.00010433975208343151 0.01864678209521883 1.748831607033502e-05 0.007459352663525443 0.007677223436573844 1.748831607033502e-05 1.0161153941031806 0.000554400737100939 0.00025088125105276197 0.007459352663525443 0.000554400737100939 1.0578102165625816 0.0148464533983
0 0 0 0 0.01 0 0.009000000000000001 0 0 0.01 0 0.009000000000000001 0.009000000000000001 0 0.01 0 0 0.009000000000000001 0 0.01 1
0 9 0 9 0.01 0 0.009000000000000001 0 0 0.01 0 0.009000000000000001 0.009000000000000001 0 0.01 0 0 0.009000000000000001 0 0.01 1
9 0 9 0 0.01 0 0.009000000000000001 0 0 0.01 0 0.009000000000000001 0.009000000000000001 0 0.01 0 0 0.009000000000000001 0 0.01 1
9 9 9 9 0.01 0 0.009000000000000001 0 0 0.01 0 0.009000000000000001 0.009000000000000001 0 0.01 0 0 0.009000000000000001 0 0.01 1
4.5 4.5 4.5 4.5 0.01 0 0.009000000000000001 0 0 0.01 0 0.009000000000000001 0.009000000000000001 0 0.01 0 0 0.009000000000000001 0 0.01 1
10 2
0.00012433336579215784 1.0001242538064568 0.00012433336579215787 -0.0006976352581466226 0.018547995612621025 9.023226733320107e-07 0.007548514679686786 -4.900658422671048e-06 9.023226733320107e-07 0.018547994419295503 9.023226733320108e-07 0.007542710439876311 0.007548514679686786 9.023226733320108e-07 1.008547995612621 -4.90065842267105e-06 -4.900658422671048e-06 0.007542710439876311 -4.90065842267105e-06 1.0093576018892942 0.00974718862058
0.0001241795195898876 8.638884842312397 0.0017679743704532675 7.653048228518692 0.018547993294132235 -1.798084729791368e-06 0.0075601186945420335 0.00010291185549762371 -1.798084729791368e-06 0.01855760236355844 -0.00011468529877274304 0.007452186070030823 0.0075601186945420335 -0.00011468529877274304 1.010212298749779 -3.325705986202683e-05 0.00010291185549762371 0.007452186070030823 -3.325705986202683e-05 1.0223085163394472 0.00974708946639
7.638891178220433 1.0001210463509216 7.625085147107346 -0.0014812741824154856 0.01855734114234532 -1.753484253803195e-06 0.007661209703712571 0.00010829564321378922 -1.753484253803195e-06 0.018547973346115396 -0.00010386474631895635 0.007537173409984866 0.007661209703712571 -0.00010386474631895635 1.0223794657233225 -1.5937305987757857e-05 0.00010829564321378922 0.007537173409984866 -1.5937305987757857e-05 1.0101250894163505 0.00999938223496
7.638878514451502 8.638878432886528 7.631516734129553 7.6461439052677695 0.01855786317371246 1.0773475100335275e-05 0.007614162755753673 -4.193156546552729e-05 1.0773475100335275e-05 0.018557864375393328 6.345343361971968e-05 0.007504048181981796 0.007614162755753673 6.345343361971968e-05 1.0159770077421686 6.423520465975155e-05 -4.193156546552729e-05 0.007504048181981796 6.423520465975155e-05 1.0156618781728226 0.00950751049044
3.80675377199882 4.8355530732262615 3.678222238173302 3.7032637390557746 0.2455098693113679 -0.06407775759647141 -0.10333193273409687 0.08459902670161351 -0.06407775759647141 0.2613368603970479 -0.04235659478025806 -0.2405816081156184 -0.10333193273409687 -0.04235659478025806 1.843483530100925 0.7258746153554041 0.08459902670161351 -0.2405816081156184 0.7258746153554041 1.9522376455858756 0.0115339159369
0 0 0 0 0.01 0 0.009000000000000001 0 0 0.01 0 0.009000000000000001 0.009000000000000001 0 0.01 0 0 0.009000000000000001 0 0.01 1
0 9 0 9 0.01 0 0.009000000000000001 0 0 0.01 0 0.009000000000000001 0.009000000000000001 0 0.01 0 0 0.009000000000000001 0 0.01 1
9 0 9 0 0.01 0 0.009000000000000001 0 0 0.01 0 0.009000000000000001 0.009000000000000001 0 0.01 0 0 0.009000000000000001 0 0.01 1
9 9 9 9 0.01 0 0.009000000000000001 0 0 0.01 0 0.009000000000000001 0.009000000000000001 0 0.01 0 0 0.009000000000000001 0 0.01 1
4.5 4.5 4.5 4.5 0.01 0 0.009000000000000001 0 0 0.01 0 0.009000000000000001 0.009000000000000001 0 0.01 0 0 0.009000000000000001 0 0.01 1
10 1
1.000124254470136 0.0001242544267672618 0.0013570945500362148 -0.0006976388427068254 0.01854799442406752 9.023371869162968e-07 0.007557218104526437 -4.90073858987579e-06 9.023371869162968e-07 0.01854799446549385 9.606901987710929e-06 0.007542710375664584 0.007557218104526437 9.606901987710929e-06 1.0097967238532592 4.81718424271678e-06 -4.90073858987579e-06 0.007542710375664584 4.81718424271678e-06 1.009357606157178 0.0097471377722
1.0001242544698998 7.6388848435729315 0.0021789878504734138 7.652949020456641 0.018547994423652226 -1.7980567549911626e-06 0.007563021181351197 0.00010292260544258764 -1.7980567549911626e-06 0.018557602312020676 -0.00014290637758332015 0.0074536732814427875 0.007563021181351197 -0.00014290637758332015 1.0106275212560256 -6.708384909898822e-05 0.00010292260544258764 0.0074536732814427875 -6.708384909898822e-05 1.0222150819288258 0.00974713777176
8.638884843572932 0.00012425446989944303 7.631704028027621 -0.0015195322345597341 0.01855760231202069 -1.798056754991303e-06 0.007612575837951963 0.0001110885999076745 -1.798056754991303e-06 0.018547994423652243 -5.41402125700608e-05 0.007536907338392822 0.007612575837951963 -5.41402125700608e-05 1.0157957626629663 4.694271497204759e-05 0.0001110885999076745 0.007536907338392822 4.694271497204759e-05 1.0101658667885305 0.00974713777176
8.638884843572935 7.638884843572934 7.62482070665881 7.639083119731151 0.01855760231202069 1.0510225782607802e-05 0.007662568877521337 1.0560016052024358e-05 1.0510225782607802e-05 0.01855760231202069 0.00011344608885711723 0.007555147898937459 0.007662568877521337 0.00011344608885711723 1.0226328342756719 0.00011628446216252547 1.0560016052024358e-05 0.007555147898937459 0.00011628446216252547 1.008749892196303 0.00974713777176
4.815296279087586 3.8282631836810577 3.6969896971727114 3.730430879716928 0.20683179863784096 -0.0626694868774164 -0.09884165535905734 0.03666284162794556 -0.0626694868774164 0.2131326931405616 -0.03649623208021943 -0.16496005793075957 -0.09884165535905734 -0.03649623208021943 1.751179112279897 0.5841127766658465 0.03666284162794556 -0.16496005793075957 0.5841127766658465 1.634899528524176 0.0114723276954
0 0 0 0 0.01 0 0.009000000000000001 0 0 0.01 0 0.009000000000000001 0.009000000000000001 0 0.01 0 0 0.009000000000000001 0 0.01 1
0 9 0 9 0.01 0 0.009000000000000001 0 0 0.01 0 0.009000000000000001 0.009000000000000001 0 0.01 0 0 0.009000000000000001 0 0.01 1
9 0 9 0 0.01 0 0.009000000000000001 0 0 0.01 0 0.009000000000000001 0.009000000000000001 0 0.01 0 0 0.009000000000000001 0 0.01 1
9 9 9 9 0.01 0 0.009000000000000001 0 0 0.01 0 0.009000000000000001 0.009000000000000001 0 0.01 0 0 0.009000000000000001 0 0.01 1
4.5 4.5 4.5 4.5 0.01 0 0.009000000000000001 0 0 0.01 0 0.009000000000000001 0.009000000000000001 0 0.01 0 0 0.009000000000000001 0 0.01 1
10 0
-0.9998757443290501 0.00012410828508768908 0.0001242556709501253 -0.0015196943083060628 0.0185479944313013 9.023643004907131e-07 0.007548513498654554 -1.0703898336884114e-05 9.023643004907131e-07 0.018547992220599965 9.023643004907075e-07 0.0075369047830425836 0.007548513498654554 9.023643004907075e-07 1.0085479944313014 -1.0703898336884131e-05 -1.0703898336884114e-05 0.0075369047830425836 -1.0703898336884131e-05 1.0101658797172066 0.0102600458487
-0.9998694874940489 7.638872196208859 0.0014254441222306862 7.653748841933366 0.018548034239722472 -1.8869646607554287e-06 0.00755768919545154 0.00010800188235906172 -1.8869646607554287e-06 0.018558123507114176 -9.079970455697503e-05 0.007447561485932248 0.00755768919545154 -9.079970455697503e-05 1.0098595588394437 -1.7509643001459882e-07 0.00010800188235906172 0.007447561485932248 -1.7509643001459882e-07 1.02299129052112 0.00976817410421
6.638884843602156 0.0001242544404309967 7.6247215305602545 -0.0006976389134000652 0.018557602311602767 -1.7980563165670239e-06 0.007664056188037737 5.464527214876544e-05 -1.7980563165670239e-06 0.01854799442320814 -0.0001065063713176397 0.007542710414126213 0.007664056188037737 -0.0001065063713176397 1.0227321855357154 -6.170377570967458e-05 5.464527214876544e-05 0.007542710414126213 -6.170377570967458e-05 1.0093576061158576 0.0102601450029
6.638884988531494 7.63888484114563 7.631713809602136 7.6389840201529875 0.01855760023877399 1.0510363776771138e-05 0.007612429772796111 1.0534645359121765e-05 1.0510363776771138e-05 0.018557602412079845 6.194385963538923e-05 0.007556634125761886 0.007612429772796111 6.194385963538923e-05 1.0157859742942332 6.26793716255507e-05 1.0534645359121765e-05 0.007556634125761886 6.26793716255507e-05 1.0086537968756195 0.0102600458487
2.812197759048673 3.8102955713281657 3.7128769543533404 3.752048593854311 0.16391242790959404 0.012684922572876114 -0.04198257395341945 0.023403123841665457 0.012684922572876114 0.16342807055083025 0.027339811738222364 -0.043402194547589194 -0.04198257395341945 0.027339811738222364 1.5986022524688202 0.4491879098453018 0.023403123841665457 -0.043402194547589194 0.4491879098453018 1.4488243132224514 0.012048206267
0 0 0 0 0.01 0 0.009000000000000001 0 0 0.01 0 0.009000000000000001 0.009000000000000001 0 0.01 0 0 0.009000000000000001 0 0.01 1
0 9 0 9 0.01 0 0.009000000000000001 0 0 0.01 0 0.009000000000000001 0.009000000000000001 0 0.01 0 0 0.009000000000000001 0 0.01 1
9 0 9 0 0.01 0 0.009000000000000001 0 0 0.01 0 0.009000000000000001 0.009000000000000001 0 0.01 0 0 0.009000000000000001 0 0.01 1
9 9 9 9 0.01 0 0.009000000000000001 0 0 0.01 0 0.009000000000000001 0.009000000000000001 0 0.01 0 0 0.009000000000000001 0 0.01 1
4.5 4.5 4.5 4.5 0.01 0 0.009000000000000001 0 0 0.01 0 0.009000000000000001 0.009000000000000001 0 0.01 0 0 0.009000000000000001 0 0.01 1
10 3
9.797979581746448e-05 -0.9999020202041826 0.0017475254596120236 9.79797958174645e-05 0.01854779951052165 7.077590933913636e-07 0.007560008800885989 7.077590933913798e-07 7.077590933913636e-07 0.01854779951052165 1.2397914614500994e-05 0.007548318645364877 0.007560008800885989 1.2397914614500994e-05 1.0102180044844618 1.2397914614501102e-05 7.077590933913798e-07 0.007548318645364877 1.2397914614501102e-05 1.008547799510522 0.0158227746346
0.00010675138089769936 6.638901049086477 0.001754263771675638 7.641233837585968 0.018547864742629382 -1.672740178913426e-06 0.007560045148213853 1.586325190684712e-05 -1.672740178913426e-06 0.0185575137493282 -0.00011484195623800453 0.007540795835734025 0.007560045148213853 -0.00011484195623800453 1.0102159854255996 -0.00010114926211022005 1.586325190684712e-05 0.007540795835734025 -0.00010114926211022005 1.0108503862975484 0.0237634534045
7.638937186848961 -0.9999284776577533 7.631838762706285 -0.0019977279717240276 0.018557283432236983 -1.4192488414833125e-06 0.00761101695048641 0.0001407943302374839 -1.4192488414833125e-06 0.01854760183897433 -5.452196220984004e-05 0.007533401737571173 0.00761101695048641 -5.452196220984004e-05 1.0157117485788154 7.300320048319497e-05 0.0001407943302374839 0.007533401737571173 7.300320048319497e-05 1.0105831317459895 0.0236502222974
7.638890321884804 6.638888800618978 7.631730297590815 7.639121630068102 0.01856047495778555 1.3446092608689244e-05 0.0076148433619597725 1.3502773133467918e-05 1.3446092608689244e-05 0.018560497404032688 6.52495797752968e-05 0.0075575304887609 0.0076148433619597725 6.52495797752968e-05 1.0157769187716905 6.697332481218808e-05 1.3502773133467918e-05 0.0075575304887609 6.697332481218808e-05 1.0087862874725204 0.0236665353581
3.8156755314701956 2.815561664904047 3.8082077825068086 3.8678359076477644 0.0186476815002345 0.00010433975208343151 0.007677223436573844 0.00025088125105276197 0.00010433975208343151 0.01864678209521883 1.748831607033502e-05 0.007459352663525443 0.007677223436573844 1.748831607033502e-05 1.0161153941031806 0.000554400737100939 0.00025088125105276197 0.007459352663525443 0.000554400737100939 1.0578102165625816 0.0148464533983
0 0 0 0 0.01 0 0.009000000000000001 0 0 0.01 0 0.009000000000000001 0.009000000000000001 0 0.01 0 0 0.009000000000000001 0 0.01 1
0 9 0 9 0.01 0 0.009000000000000001 0 0 0.01 0 0.009000000000000001 0.009000000000000001 0 0.01 0 0 0.009000000000000001 0 0.01 1
9 0 9 0 0.01 0 0.009000000000000001 0 0 0.01 0 0.009000000000000001 0.009000000000000001 0 0.01 0 0 0.009000000000000001 0 0.01 1
9 9 9 9 0.01 0 0.009000000000000001 0 0 0.01 0 0.009000000000000001 0.009000000000000001 0 0.01 0 0 0.009000000000000001 0 0.01 1
4.5 4.5 4.5 4.5 0.01 0 0.009000000000000001 0 0 0.01 0 0.009000000000000001 0.009000000000000001 0 0.01 0 0 0.009000000000000001 0 0.01 1
10 0
-0.9998757443290501 0.00012410828508768908 0.0001242556709501253 -0.0015196943083060628 0.0185479944313013 9.023643004907131e-07 0.007548513498654554 -1.0703898336884114e-05 9.023643004907131e-07 0.018547992220599965 9.023643004907075e-07 0.0075369047830425836 0.007548513498654554 9.023643004907075e-07 1.0085479944313014 -1.0703898336884131e-05 -1.0703898336884114e-05 0.0075369047830425836 -1.0703898336884131e-05 1.0101658797172066 0.0102600458487
-0.9998694874940489 7.638872196208859 0.0014254441222306862 7.653748841933366 0.018548034239722472 -1.8869646607554287e-06 0.00755768919545154 0.00010800188235906172 -1.8869646607554287e-06 0.018558123507114176 -9.079970455697503e-05 0.007447561485932248 0.00755768919545154 -9.079970455697503e-05 1.0098595588394437 -1.7509643001459882e-07 0.00010800188235906172 0.007447561485932248 -1.7509643001459882e-07 1.02299129052112 0.00976817410421
6.638884843602156 0.0001242544404309967 7.6247215305602545 -0.0006976389134000652 0.018557602311602767 -1.7980563165670239e-06 0.007664056188037737 5.464527214876544e-05 -1.7980563165670239e-06 0.01854799442320814 -0.0001065063713176397 0.007542710414126213 0.007664056188037737 -0.0001065063713176397 1.0227321855357154 -6.170377570967458e-05 5.464527214876544e-05 0.007542710414126213 -6.170377570967458e-05 1.0093576061158576 0.0102601450029
6.638884988531494 7.63888484114563 7.631713809602136 7.6389840201529875 0.01855760023877399 1.0510363776771138e-05 0.007612429772796111 1.0534645359121765e-05 1.0510363776771138e-05 0.018557602412079845 6.194385963538923e-05 0.007556634125761886 0.007612429772796111 6.194385963538923e-05 1.0157859742942332 6.26793716255507e-05 1.0534645359121765e-05 0.007556634125761886 6.26793716255507e-05 1.0086537968756195 0.0102600458487
2.812197759048673 3.8102955713281657 3.7128769543533404 3.752048593854311 0.16391242790959404 0.012684922572876114 -0.04198257395341945 0.023403123841665457 0.012684922572876114 0.16342807055083025 0.027339811738222364 -0.043402194547589194 -0.04198257395341945 0.027339811738222364 1.5986022524688202 0.4491879098453018 0.023403123841665457 -0.043402194547589194 0.4491879098453018 1.4488243132224514 0.012048206267
0 0 0 0 0.01 0 0.009000000000000001 0 0 0.01 0 0.009000000000000001 0.009000000000000001 0 0.01 0 0 0.009000000000000001 0 0.01 1
0 9 0 9 0.01 0 0.009000000000000001 0 0 0.01 0 0.009000000000000001 0.009000000000000001 0 0.01 0 0 0.009000000000000001 0 0.01 1
9 0 9 0 0.01 0 0.009000000000000001 0 0 0.01 0 0.009000000000000001 0.009000000000000001 0 0.01 0 0 0.009000000000000001 0 0.01 1
9 9 9 9 0.01 0 0.009000000000000001 0 0 0.01 0 0.009000000000000001 0.009000000000000001 0 0.01 0 0 0.009000000000000001 0 0.01 1
4.5 4.5 4.5 4.5 0.01 0 0.009000000000000001 0 0 0.01 0 0.009000000000000001 0.009000000000000001 0 0.01 0 0 0.009000000000000001 0 0.01 1
10 2
0.1333471297866372 1.1854473901217977 -0.06407222366388174 -0.09231564882527511 0.8731783323680046 0.589848593656772 -0.5040116833918534 -0.28305520966618747 0.589848593656772 1.2975021694554894 -0.26778664321177054 -0.6557970003817374 -0.5040116833918534 -0.26778664321177054 1.3493856826118829 0.1349152651503287 -0.28305520966618747 -0.6557970003817374 0.1349152651503287 1.387353078283776 0.0103870164407
0.00012509619582978706 8.63887734076967 0.0022877169961554446 7.646062502111348 0.01854799345615182 -1.8502389819112693e-06 0.007563781159809811 5.0478712466473934e-05 -1.8502389819112693e-06 0.018558104709555125 -0.00015035147670061497 0.007504152756965626 0.007563781159809811 -0.00015035147670061497 1.0107364725721835 -0.00011356130462343847 5.0478712466473934e-05 0.007504152756965626 -0.00011356130462343847 1.0155826954396652 0.00974829358199
7.638877340769673 1.0001250961958301 7.62481483141058 -0.0016050004444307393 0.018558104709555132 -1.8502389819115497e-06 0.007662954996571142 0.00011695075119305403 -1.8502389819115497e-06 0.018547993456151827 -0.00010654664815456376 0.0075362994398211315 0.007662954996571142 -0.00010654664815456376 1.0226315203103227 -1.2075158175407487e-05 0.00011695075119305403 0.0075362994398211315 -1.2075158175407487e-05 1.0102506686664825 0.00974829358199
7.638883940111612 8.638883940111612 7.632078312088244 7.639077213752316 0.01855782990551096 1.0742665355447556e-05 0.007608519820689116 1.0791061393346399e-05 1.0742665355447556e-05 0.01855782990551096 6.091301180436505e-05 0.0075554511896629714 0.007608519820689116 6.091301180436505e-05 1.0154174820489845 6.227675634762349e-05 1.0791061393346399e-05 0.0075554511896629714 6.227675634762349e-05 1.0087452696223607 0.010000484654
3.8162989877817393 4.816298987781739 3.8042950949600294 3.82861877251981 0.01863294349453094 9.02658299242646e-05 0.007686714485223795 3.661444501225419e-05 9.02658299242646e-05 0.018632943494530943 -4.049113496614474e-05 0.007580787391935977 0.007686714485223795 -4.049113496614474e-05 1.0205972942901174 5.374285570418705e-05 3.661444501225419e-05 0.007580787391935977 5.374285570418705e-05 1.0206936483667848 0.0113395520644
0 0 0 0 0.01 0 0.009000000000000001 0 0 0.01 0 0.009000000000000001 0.009000000000000001 0 0.01 0 0 0.009000000000000001 0 0.01 1
0 9 0 9 0.01 0 0.009000000000000001 0 0 0.01 0 0.009000000000000001 0.009000000000000001 0 0.01 0 0 0.009000000000000001 0 0.01 1
9 0 9 0 0.01 0 0.009000000000000001 0 0 0.01 0 0.009000000000000001 0.009000000000000001 0 0.01 0 0 0.009000000000000001 0 0.01 1
9 9 9 9 0.01 0 0.009000000000000001 0 0 0.01 0 0.009000000000000001 0.009000000000000001 0 0.01 0 0 0.009000000000000001 0 0.01 1
4.5 4.5 4.5 4.5 0.01 0 0.009000000000000001 0 0 0.01 0 0.009000000000000001 0.009000000000000001 0 0.01 0 0 0.009000000000000001 0 0.01 1
10 1
1.000124254470136 0.0001242544267672618 0.0013570945500362148 -0.0006976388427068254 0.01854799442406752 9.023371869162968e-07 0.007557218104526437 -4.90073858987579e-06 9.023371869162968e-07 0.01854799446549385 9.606901987710929e-06 0.007542710375664584 0.007557218104526437 9.606901987710929e-06 1.0097967238532592 4.81718424271678e-06 -4.90073858987579e-06 0.007542710375664584 4.81718424271678e-06 1.009357606157178 0.0097471377722
1.0001242544698998 7.6388848435729315 0.0021789878504734138 7.652949020456641 0.018547994423652226 -1.7980567549911626e-06 0.007563021181351197 0.00010292260544258764 -1.7980567549911626e-06 0.018557602312020676 -0.00014290637758332015 0.0074536732814427875 0.007563021181351197 -0.00014290637758332015 1.0106275212560256 -6.708384909898822e-05 0.00010292260544258764 0.0074536732814427875 -6.708384909898822e-05 1.0222150819288258 0.00974713777176
8.638884843572932 0.00012425446989944303 7.631704028027621 -0.0015195322345597341 0.01855760231202069 -1.798056754991303e-06 0.007612575837951963 0.0001110885999076745 -1.798056754991303e-06 0.018547994423652243 -5.41402125700608e-05 0.007536907338392822 0.007612575837951963 -5.41402125700608e-05 1.0157957626629663 4.694271497204759e-05 0.0001110885999076745 0.007536907338392822 4.694271497204759e-05 1.0101658667885305 0.00974713777176
8.638884843572935 7.638884843572934 7.62482070665881 7.639083119731151 0.01855760231202069 1.0510225782607802e-05 0.007662568877521337 1.0560016052024358e-05 1.0510225782607802e-05 0.01855760231202069 0.00011344608885711723 0.007555147898937459 0.007662568877521337 0.00011344608885711723 1.0226328342756719 0.00011628446216252547 1.0560016052024358e-05 0.007555147898937459 0.00011628446216252547 1.008749892196303 0.00974713777176
4.815296279087586 3.8282631836810577 3.6969896971727114 3.730430879716928 0.20683179863784096 -0.0626694868774164 -0.09884165535905734 0.03666284162794556 -0.0626694868774164 0.2131326931405616 -0.03649623208021943 -0.16496005793075957 -0.09884165535905734 -0.03649623208021943 1.751179112279897 0.5841127766658465 0.03666284162794556 -0.16496005793075957 0.5841127766658465 1.634899528524176 0.0114723276954
0 0 0 0 0.01 0 0.009000000000000001 0 0 0.01 0 0.009000000000000001 0.009000000000000001 0 0.01 0 0 0.009000000000000001 0 0.01 1
0 9 0 9 0.01 0 0.009000000000000001 0 0 0.01 0 0.009000000000000001 0.009000000000000001 0 0.01 0 0 0.009000000000000001 0 0.01 1
9 0 9 0 0.01 0 0.009000000000000001 0 0 0.01 0 0.009000000000000001 0.009000000000000001 0 0.01 0 0 0.009000000000000001 0 0.01 1
9 9 9 9 0.01 0 0.009000000000000001 0 0 0.01 0 0.009000000000000001 0.009000000000000001 0 0.01 0 0 0.009000000000000001 0 0.01 1
4.5 4.5 4.5 4.5 0.01 0 0.009000000000000001 0 0 0.01 0 0.009000000000000001 0.009000000000000001 0 0.01 0 0 0.009000000000000001 0 0.01 1
10 1
1.000124254470136 0.0001242544267672618 0.0013570945500362148 -0.0006976388427068254 0.01854799442406752 9.023371869162968e-07 0.007557218104526437 -4.90073858987579e-06 9.023371869162968e-07 0.01854799446549385 9.606901987710929e-06 0.007542710375664584 0.007557218104526437 9.606901987710929e-06 1.0097967238532592 4.81718424271678e-06 -4.90073858987579e-06 0.007542710375664584 4.81718424271678e-06 1.009357606157178 0.0097471377722
1.0001242544698998 7.6388848435729315 0.0021789878504734138 7.652949020456641 0.018547994423652226 -1.7980567549911626e-06 0.007563021181351197 0.00010292260544258764 -1.7980567549911626e-06 0.018557602312020676 -0.00014290637758332015 0.0074536732814427875 0.007563021181351197 -0.00014290637758332015 1.0106275212560256 -6.708384909898822e-05 0.00010292260544258764 0.0074536732814427875 -6.708384909898822e-05 1.0222150819288258 0.00974713777176
8.638884843572932 0.00012425446989944303 7.631704028027621 -0.0015195322345597341 0.01855760231202069 -1.798056754991303e-06 0.007612575837951963 0.0001110885999076745 -1.798056754991303e-06 0.018547994423652243 -5.41402125700608e-05 0.007536907338392822 0.007612575837951963 -5.41402125700608e-05 1.0157957626629663 4.694271497204759e-05 0.0001110885999076745 0.007536907338392822 4.694271497204759e-05 1.0101658667885305 0.00974713777176
8.638884843572935 7.638884843572934 7.62482070665881 7.639083119731151 0.01855760231202069 1.0510225782607802e-05 0.007662568877521337 1.0560016052024358e-05 1.0510225782607802e-05 0.01855760231202069 0.00011344608885711723 0.007555147898937459 0.007662568877521337 0.00011344608885711723 1.0226328342756719 0.00011628446216252547 1.0560016052024358e-05 0.007555147898937459 0.00011628446216252547 1.008749892196303 0.00974713777176
4.815296279087586 3.8282631836810577 3.6969896971727114 3.730430879716928 0.20683179863784096 -0.0626694868774164 -0.09884165535905734 0.03666284162794556 -0.0626694868774164 0.2131326931405616 -0.03649623208021943 -0.16496005793075957 -0.09884165535905734 -0.03649623208021943 1.751179112279897 0.5841127766658465 0.03666284162794556 -0.16496005793075957 0.5841127766658465 1.634899528524176 0.0114723276954
0 0 0 0 0.01 0 0.009000000000000001 0 0 0.01 0 0.009000000000000001 0.009000000000000001 0 0.01 0 0 0.009000000000000001 0 0.01 1
0 9 0 9 0.01 0 0.009000000000000001 0 0 0.01 0 0.009000000000000001 0.009000000000000001 0 0.01 0 0 0.009000000000000001 0 0.01 1
9 0 9 0 0.01 0 0.009000000000000001 0 0 0.01 0 0.009000000000000001 0.009000000000000001 0 0.01 0 0 0.009000000000000001 0 0.01 1
9 9 9 9 0.01 0 0.009000000000000001 0 0 0.01 0 0.009000000000000001 0.009000000000000001 0 0.01 0 0 0.009000000000000001 0 0.01 1
4.5 4.5 4.5 4.5 0.01 0 0.009000000000000001 0 0 0.01 0 0.009000000000000001 0.009000000000000001 0 0.01 0 0 0.009000000000000001 0 0.01 1
10 0
-0.999875666619096 0.0001242538215686434 0.0009462224446860846 -0.0011085797741044474 0.01854799561284876 9.023229009750158e-07 0.007554317660992287 -7.802148715701304e-06 9.023229009750158e-07 0.018547994419523237 6.705369367706886e-06 0.0075398089168888845 0.007554317660992287 6.705369367706886e-06 1.0093808151371533 -9.858497992226408e-07 -7.802148715701304e-06 0.0075398089168888845 -9.858497992226408e-07 1.0097618989971218 0.00974718863032
-0.9998757455141937 7.638884843557159 0.0013570945128544797 7.645966522067745 0.018547994423891975 -1.7980569916577678e-06 0.007557218105349167 5.055643291255426e-05 -1.7980569916577678e-06 0.018557602312246294 -8.646304938015773e-05 0.007505153645166428 0.007557218105349167 -8.646304938015773e-05 1.0097967237849892 -4.283913620248152e-05 5.055643291255426e-05 0.007505153645166428 -4.283913620248152e-05 1.015483195183813 0.00974713778201
6.638891179403174 0.00012111944082622797 7.625085214998589 -0.0014811933503579226 0.018557341093574816 -1.7534578903093832e-06 0.0076612091718096095 0.00010829513973287999 -1.7534578903093832e-06 0.018547974447924956 -0.0001038632174937963 0.007537174683505566 0.0076612091718096095 -0.0001038632174937963 1.0223793998419217 -1.5936093230705577e-05 0.00010829513973287999 0.007537174683505566 -1.5936093230705577e-05 1.0101250831444226 0.00999943055058
6.6388848448831945 7.638884765323859 7.624721623805936 7.63908825821393 0.018557602258008444 1.051015129323069e-05 0.0076640553290541966 1.0561251299635573e-05 1.051015129323069e-05 0.018557603431148068 0.00011341977371232116 0.007555070800330137 0.0076640553290541966 0.00011341977371232116 1.0227320945119445 0.00011635298850847542 1.0561251299635573e-05 0.007555070800330137 0.00011635298850847542 1.0087549515160936 0.00974718863032
2.8081995973348977 3.809670962620352 3.7309055110213047 3.7507687910645426 0.17294592450451537 -0.02760388016491209 -0.03388953266777691 0.06085266646421039 -0.02760388016491209 0.14321116508453513 0.0568661192276111 -0.021722052482376415 -0.03388953266777691 0.0568661192276111 1.5458968602140595 0.4263845375573118 0.06085266646421039 -0.021722052482376415 0.4263845375573118 1.45998399657986 0.0114499042032
0 0 0 0 0.01 0 0.009000000000000001 0 0 0.01 0 0.009000000000000001 0.009000000000000001 0 0.01 0 0 0.009000000000000001 0 0.01 1
0 9 0 9 0.01 0 0.009000000000000001 0 0 0.01 0 0.009000000000000001 0.009000000000000001 0 0.01 0 0 0.009000000000000001 0 0.01 1
9 0 9 0 0.01 0 0.009000000000000001 0 0 0.01 0 0.009000000000000001 0.009000000000000001 0 0.01 0 0 0.009000000000000001 0 0.01 1
9 9 9 9 0.01 0 0.009000000000000001 0 0 0.01 0 0.009000000000000001 0.009000000000000001 0 0.01 0 0 0.009000000000000001 0 0.01 1
4.5 4.5 4.5 4.5 0.01 0 0.009000000000000001 0 0 0.01 0 0.009000000000000001 0.009000000000000001 0 0.01 0 0 0.009000000000000001 0 0.01 1
10 3
9.797979581746448e-05 -0.9999020202041826 0.0017475254596120236 9.79797958174645e-05 0.01854779951052165 7.077590933913636e-07 0.007560008800885989 7.077590933913798e-07 7.077590933913636e-07 0.01854779951052165 1.2397914614500994e-05 0.007548318645364877 0.007560008800885989 1.2397914614500994e-05 1.0102180044844618 1.2397914614501102e-05 7.077590933913798e-07 0.007548318645364877 1.2397914614501102e-05 1.008547799510522 0.0158227746346
0.00010675138089769936 6.638901049086477 0.001754263771675638 7.641233837585968 0.018547864742629382 -1.672740178913426e-06 0.007560045148213853 1.586325190684712e-05 -1.672740178913426e-06 0.0185575137493282 -0.00011484195623800453 0.007540795835734025 0.007560045148213853 -0.00011484195623800453 1.0102159854255996 -0.00010114926211022005 1.586325190684712e-05 0.007540795835734025 -0.00010114926211022005 1.0108503862975484 0.0237634534045
7.638937186848961 -0.9999284776577533 7.631838762706285 -0.0019977279717240276 0.018557283432236983 -1.4192488414833125e-06 0.00761101695048641 0.0001407943302374839 -1.4192488414833125e-06 0.01854760183897433 -5.452196220984004e-05 0.007533401737571173 0.00761101695048641 -5.452196220984004e-05 1.0157117485788154 7.300320048319497e-05 0.0001407943302374839 0.007533401737571173 7.300320048319497e-05 1.0105831317459895 0.0236502222974
7.638890321884804 6.638888800618978 7.631730297590815 7.639121630068102 0.01856047495778555 1.3446092608689244e-05 0.0076148433619597725 1.3502773133467918e-05 1.3446092608689244e-05 0.018560497404032688 6.52495797752968e-05 0.0075575304887609 0.0076148433619597725 6.52495797752968e-05 1.0157769187716905 6.697332481218808e-05 1.3502773133467918e-05 0.0075575304887609 6.697332481218808e-05 1.0087862874725204 0.0236665353581
3.8156755314701956 2.815561664904047 3.8082077825068086 3.8678359076477644 0.0186476815002345 0.00010433975208343151 0.007677223436573844 0.00025088125105276197 0.00010433975208343151 0.01864678209521883 1.748831607033502e-05 0.007459352663525443 0.007677223436573844 1.748831607033502e-05 1.0161153941031806 0.000554400737100939 0.00025088125105276197 0.007459352663525443 0.000554400737100939 1.0578102165625816 0.0148464533983
0 0 0 0 0.01 0 0.009000000000000001 0 0 0.01 0 0.009000000000000001 0.009000000000000001 0 0.01 0 0 0.009000000000000001 0 0.01 1
0 9 0 9 0.01 0 0.009000000000000001 0 0 0.01 0 0.009000000000000001 0.009000000000000001 0 0.01 0 0 0.009000000000000001 0 0.01 1
9 0 9 0 0.01 0 0.009000000000000001 0 0 0.01 0 0.009000000000000001 0.009000000000000001 0 0.01 0 0 0.009000000000000001 0 0.01 1
9 9 9 9 0.01 0 0.009000000000000001 0 0 0.01 0 0.009000000000000001 0.009000000000000001 0 0.01 0 0 0.009000000000000001 0 0.01 1
4.5 4.5 4.5 4.5 0.01 0 0.009000000000000001 0 0 0.01 0 0.009000000000000001 0.009000000000000001 0 0.01 0 0 0.009000000000000001 0 0.01 1
10 2
9.797979581746448e-05 1.0000979797958176 0.001335139043663384 9.797979581746448e-05 0.018547799510521653 7.077590933913993e-07 0.00755708626200571 7.077590933913799e-07 7.077590933913993e-07 0.018547799510521653 9.475375734223603e-06 0.00754831864536488 0.00755708626200571 9.475375734223603e-06 1.0098009634286453 9.475375734223672e-06 7.077590933913799e-07 0.00754831864536488 9.475375734223672e-06 1.0085477995105223 0.0158227746346
6.138964271289636e-05 8.638965782855697 0.0014822663474466306 7.645115689883466 0.018547543782315976 -1.2199367908349485e-06 0.007558181822852674 4.4417848295077634e-05 -1.2199367908349485e-06 0.01855585145650889 -9.891330756482275e-05 0.007509656953338589 0.007558181822852674 -9.891330756482275e-05 1.009986644782256 -6.201378211094725e-05 4.4417848295077634e-05 0.007509656953338589 -6.201378211094725e-05 1.0145745152262315 0.0275538220882
7.638920322686173 1.0000891861272898 7.636448944492551 -0.0015623978786575708 0.018557381281895255 -1.546852096283988e-06 0.00757722177322255 0.00011193387910709134 -1.546852096283988e-06 0.018547733956613265 -1.9155617431053434e-05 0.007536533990891686 0.00757722177322255 -1.9155617431053434e-05 1.011061294430402 9.02434250750909e-05 0.00011193387910709134 0.007536533990891686 9.02434250750909e-05 1.0101731519837949 0.0237048698647
7.638853946162048 8.63885394616205 7.638754604745749 7.641184966720939 0.01856069308307345 1.3633044637982289e-05 0.007562705348325571 -3.481016941249883e-06 1.3633044637982289e-05 0.018560693083073447 1.360584287520287e-05 0.007544104566635172 0.007562705348325571 1.360584287520287e-05 1.008662998070878 -3.2766518202911274e-06 -3.481016941249883e-06 0.007544104566635172 -3.2766518202911274e-06 1.010852051861961 0.0237813404416
3.815675531470197 4.815561664904046 3.80074003354342 3.8678359076477653 0.01864768150023449 0.00010433975208343372 0.007705088893642859 0.0002508812510527216 0.00010433975208343372 0.01864678209521882 -6.936311994276303e-05 0.007459352663525569 0.007705088893642859 -6.936311994276303e-05 1.0234715721569676 0.0008579202231491897 0.0002508812510527216 0.007459352663525569 0.0008579202231491897 1.0578102165625813 0.0148464533983
0 0 0 0 0.01 0 0.009000000000000001 0 0 0.01 0 0.009000000000000001 0.009000000000000001 0 0.01 0 0 0.009000000000000001 0 0.01 1
0 9 0 9 0.01 0 0.009000000000000001 0 0 0.01 0 0.009000000000000001 0.009000000000000001 0 0.01 0 0 0.009000000000000001 0 0.01 1
9 0 9 0 0.01 0 0.009000000000000001 0 0 0.01 0 0.009000000000000001 0.009000000000000001 0 0.01 0 0 0.009000000000000001 0 0.01 1
9 9 9 9 0.01 0 0.009000000000000001 0 0 0.01 0 0.009000000000000001 0.009000000000000001 0 0.01 0 0 0.009000000000000001 0 0.01 1
4.5 4.5 4.5 4.5 0.01 0 0.009000000000000001 0 0 0.01 0 0.009000000000000001 0.009000000000000001 0 0.01 0 0 0.009000000000000001 0 0.01 1
10 1
1.2152782641804052 0.14249181221864524 -0.11058977834473199 -0.05993949576672192 1.4229385644888302 0.4662028254243564 -0.7960411484978172 -0.18953745244726541 0.4662028254243564 0.9760560596509281 -0.21805161342190335 -0.4278410549016393 -0.7960411484978172 -0.21805161342190335 1.5253627034285628 0.10926060659751342 -0.18953745244726541 -0.4278410549016393 0.10926060659751342 1.2583539983271492 0.0202606751846
1.0000586661959412 7.638970984128124 0.0015469996247287157 7.6448324558909535 0.018547524543507415 -1.1738069422878763e-06 0.007558646527914911 4.274365176752212e-05 -1.1738069422878763e-06 0.0185555414626268 -0.0001035129531464501 0.007511910846161177 0.007558646527914911 -0.0001035129531464501 1.0100548551823398 -6.831931880314967e-05 4.274365176752212e-05 0.007511910846161177 -6.831931880314967e-05 1.0142943635189225 0.034583223235
8.63896858982506 6.041800581873714e-05 7.632919907937924 -0.0012244604674544143 0.018555708760769615 -1.1999248553799472e-06 0.00760218758768834 8.714639909048239e-05 -1.1999248553799472e-06 0.018547538613384644 -4.6088852214682934e-05 0.007538900724806963 0.00760218758768834 -4.6088852214682934e-05 1.0146597294061714 3.448565058272153e-05 8.714639909048239e-05 0.007538900724806963 3.448565058272153e-05 1.0098124580538144 0.0338244124888
8.638923861251866 7.638923914557404 7.634379816928895 7.6436686702972 0.018557219313464417 1.0132253113614885e-05 0.007592177308992641 -2.45285799289028e-05 1.0132253113614885e-05 0.018557218523282612 4.305244257425147e-05 0.0075220634724135595 0.007592177308992641 4.305244257425147e-05 1.0131494936079324 2.9951989915034342e-05 -2.45285799289028e-05 0.0075220634724135595 2.9951989915034342e-05 1.0132081137735627 0.0290956563031
4.815578284841723 3.8157026508851106 3.769813261839264 3.8459407882307928 0.018645779432020917 0.00010226325754748931 0.007813759537038945 0.0002805372422173594 0.00010226325754748931 0.018646756330228314 -0.00013825745099389991 0.007534765657444163 0.007813759537038945 -0.00013825745099389991 1.0526490029890443 0.0014238655848526002 0.0002805372422173594 0.007534765657444163 0.0014238655848526002 1.0377432450551478 0.0180062371
0 0 0 0 0.01 0 0.009000000000000001 0 0 0.01 0 0.009000000000000001 0.009000000000000001 0 0.01 0 0 0.009000000000000001 0 0.01 1
0 9 0 9 0.01 0 0.009000000000000001 0 0 0.01 0 0.009000000000000001 0.009000000000000001 0 0.01 0 0 0.009000000000000001 0 0.01 1
9 0 9 0 0.01 0 0.009000000000000001 0 0 0.01 0 0.009000000000000001 0.009000000000000001 0 0.01 0 0 0.009000000000000001 0 0.01 1
9 9 9 9 0.01 0 0.009000000000000001 0 0 0.01 0 0.009000000000000001 0.009000000000000001 0 0.01 0 0 0.009000000000000001 0 0.01 1
4.5 4.5 4.5 4.5 0.01 0 0.009000000000000001 0 0 0.01 0 0.009000000000000001 0.009000000000000001 0 0.01 0 0 0.009000000000000001 0 0.01 1
