100 -1
-2 -2 -2 -2 1 0 0.7 0 0 1 0 0.7 0.7 0 1 0 0 0.7 0 1 10
-2 -1 -2 -1 1 0 0.7 0 0 1 0 0.7 0.7 0 1 0 0 0.7 0 1 10
-2 0 -2 0 1 0 0.7 0 0 1 0 0.7 0.7 0 1 0 0 0.7 0 1 10
-2 1 -2 1 1 0 0.7 0 0 1 0 0.7 0.7 0 1 0 0 0.7 0 1 10
-2 2 -2 2 1 0 0.7 0 0 1 0 0.7 0.7 0 1 0 0 0.7 0 1 10
-2 3 -2 3 1 0 0.7 0 0 1 0 0.7 0.7 0 1 0 0 0.7 0 1 10
-2 4 -2 4 1 0 0.7 0 0 1 0 0.7 0.7 0 1 0 0 0.7 0 1 10
-2 5 -2 5 1 0 0.7 0 0 1 0 0.7 0.7 0 1 0 0 0.7 0 1 10
-2 6 -2 6 1 0 0.7 0 0 1 0 0.7 0.7 0 1 0 0 0.7 0 1 10
-2 7 -2 7 1 0 0.7 0 0 1 0 0.7 0.7 0 1 0 0 0.7 0 1 10
-1 -2 -1 -2 1 0 0.7 0 0 1 0 0.7 0.7 0 1 0 0 0.7 0 1 10
-1 -1 -1 -1 1 0 0.7 0 0 1 0 0.7 0.7 0 1 0 0 0.7 0 1 10
-1 0 -1 0 1 0 0.7 0 0 1 0 0.7 0.7 0 1 0 0 0.7 0 1 10
-1 1 -1 1 1 0 0.7 0 0 1 0 0.7 0.7 0 1 0 0 0.7 0 1 10
-1 2 -1 2 1 0 0.7 0 0 1 0 0.7 0.7 0 1 0 0 0.7 0 1 10
-1 3 -1 3 1 0 0.7 0 0 1 0 0.7 0.7 0 1 0 0 0.7 0 1 10
-1 4 -1 4 1 0 0.7 0 0 1 0 0.7 0.7 0 1 0 0 0.7 0 1 10
-1 5 -1 5 1 0 0.7 0 0 1 0 0.7 0.7 0 1 0 0 0.7 0 1 10
-1 6 -1 6 1 0 0.7 0 0 1 0 0.7 0.7 0 1 0 0 0.7 0 1 10
-1 7 -1 7 1 0 0.7 0 0 1 0 0.7 0.7 0 1 0 0 0.7 0 1 10
0 -2 0 -2 1 0 0.7 0 0 1 0 0.7 0.7 0 1 0 0 0.7 0 1 10
0 -1 0 -1 1 0 0.7 0 0 1 0 0.7 0.7 0 1 0 0 0.7 0 1 10
0 0 0 0 1 0 0.7 0 0 1 0 0.7 0.7 0 1 0 0 0.7 0 1 10
0 1 0 1 1 0 0.7 0 0 1 0 0.7 0.7 0 1 0 0 0.7 0 1 10
0 2 0 2 1 0 0.7 0 0 1 0 0.7 0.7 0 1 0 0 0.7 0 1 10
0 3 0 3 1 0 0.7 0 0 1 0 0.7 0.7 0 1 0 0 0.7 0 1 10
0 4 0 4 1 0 0.7 0 0 1 0 0.7 0.7 0 1 0 0 0.7 0 1 10
0 5 0 5 1 0 0.7 0 0 1 0 0.7 0.7 0 1 0 0 0.7 0 1 10
0 6 0 6 1 0 0.7 0 0 1 0 0.7 0.7 0 1 0 0 0.7 0 1 10
0 7 0 7 1 0 0.7 0 0 1 0 0.7 0.7 0 1 0 0 0.7 0 1 10
1 -2 1 -2 1 0 0.7 0 0 1 0 0.7 0.7 0 1 0 0 0.7 0 1 10
1 -1 1 -1 1 0 0.7 0 0 1 0 0.7 0.7 0 1 0 0 0.7 0 1 10
1 0 1 0 1 0 0.7 0 0 1 0 0.7 0.7 0 1 0 0 0.7 0 1 10
1 1 1 1 1 0 0.7 0 0 1 0 0.7 0.7 0 1 0 0 0.7 0 1 10
1 2 1 2 1 0 0.7 0 0 1 0 0.7 0.7 0 1 0 0 0.7 0 1 10
1 3 1 3 1 0 0.7 0 0 1 0 0.7 0.7 0 1 0 0 0.7 0 1 10
1 4 1 4 1 0 0.7 0 0 1 0 0.7 0.7 0 1 0 0 0.7 0 1 10
1 5 1 5 1 0 0.7 0 0 1 0 0.7 0.7 0 1 0 0 0.7 0 1 10
1 6 1 6 1 0 0.7 0 0 1 0 0.7 0.7 0 1 0 0 0.7 0 1 10
1 7 1 7 1 0 0.7 0 0 1 0 0.7 0.7 0 1 0 0 0.7 0 1 10
2 -2 2 -2 1 0 0.7 0 0 1 0 0.7 0.7 0 1 0 0 0.7 0 1 10
2 -1 2 -1 1 0 0.7 0 0 1 0 0.7 0.7 0 1 0 0 0.7 0 1 10
2 0 2 0 1 0 0.7 0 0 1 0 0.7 0.7 0 1 0 0 0.7 0 1 10
2 1 2 1 1 0 0.7 0 0 1 0 0.7 0.7 0 1 0 0 0.7 0 1 10
2 2 2 2 1 0 0.7 0 0 1 0 0.7 0.7 0 1 0 0 0.7 0 1 10
2 3 2 3 1 0 0.7 0 0 1 0 0.7 0.7 0 1 0 0 0.7 0 1 10
2 4 2 4 1 0 0.7 0 0 1 0 0.7 0.7 0 1 0 0 0.7 0 1 10
2 5 2 5 1 0 0.7 0 0 1 0 0.7 0.7 0 1 0 0 0.7 0 1 10
2 6 2 6 1 0 0.7 0 0 1 0 0.7 0.7 0 1 0 0 0.7 0 1 10
2 7 2 7 1 0 0.7 0 0 1 0 0.7 0.7 0 1 0 0 0.7 0 1 10
3 -2 3 -2 1 0 0.7 0 0 1 0 0.7 0.7 0 1 0 0 0.7 0 1 10
3 -1 3 -1 1 0 0.7 0 0 1 0 0.7 0.7 0 1 0 0 0.7 0 1 10
3 0 3 0 1 0 0.7 0 0 1 0 0.7 0.7 0 1 0 0 0.7 0 1 10
3 1 3 1 1 0 0.7 0 0 1 0 0.7 0.7 0 1 0 0 0.7 0 1 10
3 2 3 2 1 0 0.7 0 0 1 0 0.7 0.7 0 1 0 0 0.7 0 1 10
3 3 3 3 1 0 0.7 0 0 1 0 0.7 0.7 0 1 0 0 0.7 0 1 10
3 4 3 4 1 0 0.7 0 0 1 0 0.7 0.7 0 1 0 0 0.7 0 1 10
3 5 3 5 1 0 0.7 0 0 1 0 0.7 0.7 0 1 0 0 0.7 0 1 10
3 6 3 6 1 0 0.7 0 0 1 0 0.7 0.7 0 1 0 0 0.7 0 1 10
3 7 3 7 1 0 0.7 0 0 1 0 0.7 0.7 0 1 0 0 0.7 0 1 10
4 -2 4 -2 1 0 0.7 0 0 1 0 0.7 0.7 0 1 0 0 0.7 0 1 10
4 -1 4 -1 1 0 0.7 0 0 1 0 0.7 0.7 0 1 0 0 0.7 0 1 10
4 0 4 0 1 0 0.7 0 0 1 0 0.7 0.7 0 1 0 0 0.7 0 1 10
4 1 4 1 1 0 0.7 0 0 1 0 0.7 0.7 0 1 0 0 0.7 0 1 10
4 2 4 2 1 0 0.7 0 0 1 0 0.7 0.7 0 1 0 0 0.7 0 1 10
4 3 4 3 1 0 0.7 0 0 1 0 0.7 0.7 0 1 0 0 0.7 0 1 10
4 4 4 4 1 0 0.7 0 0 1 0 0.7 0.7 0 1 0 0 0.7 0 1 10
4 5 4 5 1 0 0.7 0 0 1 0 0.7 0.7 0 1 0 0 0.7 0 1 10
4 6 4 6 1 0 0.7 0 0 1 0 0.7 0.7 0 1 0 0 0.7 0 1 10
4 7 4 7 1 0 0.7 0 0 1 0 0.7 0.7 0 1 0 0 0.7 0 1 10
5 -2 5 -2 1 0 0.7 0 0 1 0 0.7 0.7 0 1 0 0 0.7 0 1 10
5 -1 5 -1 1 0 0.7 0 0 1 0 0.7 0.7 0 1 0 0 0.7 0 1 10
5 0 5 0 1 0 0.7 0 0 1 0 0.7 0.7 0 1 0 0 0.7 0 1 10
5 1 5 1 1 0 0.7 0 0 1 0 0.7 0.7 0 1 0 0 0.7 0 1 10
5 2 5 2 1 0 0.7 0 0 1 0 0.7 0.7 0 1 0 0 0.7 0 1 10
5 3 5 3 1 0 0.7 0 0 1 0 0.7 0.7 0 1 0 0 0.7 0 1 10
5 4 5 4 1 0 0.7 0 0 1 0 0.7 0.7 0 1 0 0 0.7 0 1 10
5 5 5 5 1 0 0.7 0 0 1 0 0.7 0.7 0 1 0 0 0.7 0 1 10
5 6 5 6 1 0 0.7 0 0 1 0 0.7 0.7 0 1 0 0 0.7 0 1 10
5 7 5 7 1 0 0.7 0 0 1 0 0.7 0.7 0 1 0 0 0.7 0 1 10
6 -2 6 -2 1 0 0.7 0 0 1 0 0.7 0.7 0 1 0 0 0.7 0 1 10
6 -1 6 -1 1 0 0.7 0 0 1 0 0.7 0.7 0 1 0 0 0.7 0 1 10
6 0 6 0 1 0 0.7 0 0 1 0 0.7 0.7 0 1 0 0 0.7 0 1 10
6 1 6 1 1 0 0.7 0 0 1 0 0.7 0.7 0 1 0 0 0.7 0 1 10
6 2 6 2 1 0 0.7 0 0 1 0 0.7 0.7 0 1 0 0 0.7 0 1 10
6 3 6 3 1 0 0.7 0 0 1 0 0.7 0.7 0 1 0 0 0.7 0 1 10
6 4 6 4 1 0 0.7 0 0 1 0 0.7 0.7 0 1 0 0 0.7 0 1 10
6 5 6 5 1 0 0.7 0 0 1 0 0.7 0.7 0 1 0 0 0.7 0 1 10
6 6 6 6 1 0 0.7 0 0 1 0 0.7 0.7 0 1 0 0 0.7 0 1 10
6 7 6 7 1 0 0.7 0 0 1 0 0.7 0.7 0 1 0 0 0.7 0 1 10
7 -2 7 -2 1 0 0.7 0 0 1 0 0.7 0.7 0 1 0 0 0.7 0 1 10
7 -1 7 -1 1 0 0.7 0 0 1 0 0.7 0.7 0 1 0 0 0.7 0 1 10
7 0 7 0 1 0 0.7 0 0 1 0 0.7 0.7 0 1 0 0 0.7 0 1 10
7 1 7 1 1 0 0.7 0 0 1 0 0.7 0.7 0 1 0 0 0.7 0 1 10
7 2 7 2 1 0 0.7 0 0 1 0 0.7 0.7 0 1 0 0 0.7 0 1 10
7 3 7 3 1 0 0.7 0 0 1 0 0.7 0.7 0 1 0 0 0.7 0 1 10
7 4 7 4 1 0 0.7 0 0 1 0 0.7 0.7 0 1 0 0 0.7 0 1 10
7 5 7 5 1 0 0.7 0 0 1 0 0.7 0.7 0 1 0 0 0.7 0 1 10
7 6 7 6 1 0 0.7 0 0 1 0 0.7 0.7 0 1 0 0 0.7 0 1 10
7 7 7 7 1 0 0.7 0 0 1 0 0.7 0.7 0 1 0 0 0.7 0 1 10
