50 0
1.0004294677222991 0.04044048775131873 -0.9995570701064629 0.00759491350456673 0.019611334016999462 -8.780339000101254e-11 -6.76068547815946e-05 -2.6525812804824704e-13 -8.780339000101254e-11 0.019613169947622834 -2.43666513565658e-12 -6.716225447808536e-05 -6.76068547815946e-05 -2.43666513565658e-12 1.009910493377828 -7.361290685594083e-15 -2.6525812804824704e-13 -6.716225447808536e-05 -7.361290685594083e-15 1.0099106459183465 1.0461979538e-09
1.001659314134756 0.040003762695819074 0.0008675176343853089 -0.9925632880124914 0.019612006884869145 -3.7432390891106617e-07 -6.735089718593536e-05 -1.442957368600194e-07 -3.7432390891106617e-07 0.019612761426971253 -7.806065750303757e-08 -6.759870939573647e-05 -6.735089718593536e-05 -7.806065750303757e-08 1.0099105915281619 -4.891405219775238e-08 -1.442957368600194e-07 -6.759870939573647e-05 -4.891405219775238e-08 1.0099105725891226 1.55854748791e-09
1.0023772396542316 0.04106893418338651 1.0011134179310799 0.007801594815906715 0.019611458692075086 1.9115305745915497e-07 -6.75384342599487e-05 7.522772160876952e-08 1.9115305745915497e-07 0.01961327893020807 5.461924610683669e-08 -6.750008434338963e-05 -6.75384342599487e-05 5.461924610683669e-08 1.009910517817287 2.7027217129765584e-08 7.522772160876952e-08 -6.750008434338963e-05 2.7027217129765584e-08 1.009910582496924 1.03387305606e-09
1.000449763282483 0.00044976328248290366 0.0004497632824829037 1.000449763282483 0.019947864854870545 0.0 4.6874755860646546e-05 0.0 0.0 0.019947864854870545 0.0 4.6874755860646546e-05 4.6874755860646546e-05 0.0 1.0099478648548705 0.0 0.0 4.6874755860646546e-05 0.0 1.0099478648548705 1.42458848043e-06
1.000449763282483 0.005184113624408208 0.0004497632824829037 1.0051841136244082 0.019947864854870545 0.0 4.6874755860646546e-05 0.0 0.0 0.019947864854870545 0.0 4.6874755860646546e-05 4.6874755860646546e-05 0.0 1.0099478648548705 0.0 0.0 4.6874755860646546e-05 0.0 1.0099478648548705 1.42458848043e-06
1.0051841136244082 0.00044976328248290366 0.005184113624408209 1.000449763282483 0.019947864854870545 0.0 4.6874755860646546e-05 0.0 0.0 0.019947864854870545 0.0 4.6874755860646546e-05 4.6874755860646546e-05 0.0 1.0099478648548705 0.0 0.0 4.6874755860646546e-05 0.0 1.0099478648548705 1.42458848043e-06
1.0051841136244082 0.005184113624408208 0.005184113624408209 1.0051841136244082 0.019947864854870545 0.0 4.6874755860646546e-05 0.0 0.0 0.019947864854870545 0.0 4.6874755860646546e-05 4.6874755860646546e-05 0.0 1.0099478648548705 0.0 0.0 4.6874755860646546e-05 0.0 1.0099478648548705 1.42458848043e-06
1.0028164453906363 0.002834949858016916 0.002816030478058536 0.002819231257038688 0.019947704712656965 -1.8475493094902276e-08 4.682108011416378e-05 -2.369193772144359e-09 -1.8475493094902276e-08 0.019948384496447584 -3.407894530190858e-08 4.690660438290673e-05 4.682108011416378e-05 -3.407894530190858e-08 1.009947848779914 -4.359194937406339e-09 -2.369193772144359e-09 4.690660438290673e-05 -4.359194937406339e-09 1.0099478580325274 2.00310127316e-06
1.950639630326388 -0.012809634663417065 -0.7770547861218489 1.101254873713093 0.028952452379186873 -4.557993800383656e-08 -0.01551247359273058 -1.2497766991503636e-08 -4.557993800383656e-08 0.02895691320121578 -1.1657396411507734e-06 -0.015519936280119523 -0.01551247359273058 -1.1657396411507734e-06 1.103746361697757 1.427293991378571e-07 -1.2497766991503636e-08 -0.015519936280119523 1.427293991378571e-07 1.1037151683954578 1.70647494715e-09
1.9537543474016208 -0.013318446117177543 -0.777556507460635 0.09862595837326212 0.028955636816928986 3.0948958228309394e-08 -0.015524671051873815 -0.0001057379053849004 3.0948958228309394e-08 0.02895607534660822 5.694021818592643e-07 -0.015621351260419695 -0.015524671051873815 5.694021818592643e-07 1.103790086673785 0.0004271961815421532 -0.0001057379053849004 -0.015621351260419695 0.0004271961815421532 1.110296174516905 2.34066384983e-09
1.9634764211624958 -0.001974270086958507 0.16667282724972932 0.048009491585232614 0.029027995798851857 7.448332617011006e-05 -0.0160347685067941 -0.0005185585010451139 7.448332617011006e-05 0.029027337887191446 -0.0005160050565979511 -0.016034623658437174 -0.0160347685067941 -0.0005160050565979511 1.107347871788427 0.003584891006856631 -0.0005185585010451139 -0.016034623658437174 0.003584891006856631 1.1074033836677732 1.15068095282e-09
2.1891587964214763 0.010271235392108965 -0.9145023481387349 -1.016461737704146 0.1522991956064078 -3.2788111645139306e-06 -0.12737234617032672 2.9798058716101715e-05 -3.2788111645139306e-06 0.15232624799378966 -0.00014423307034423734 -0.12757855157713702 -0.12737234617032672 -0.00014423307034423734 1.2064576544050842 0.0008604766602128923 2.9798058716101715e-05 -0.12757855157713704 0.0008604766602128923 1.206778739366232 6.87054781692e-10
2.2044928484999726 0.016584546383214733 -0.34087488441962366 0.1267990525524718 0.15487527669925363 -7.74445501485268e-05 -0.12688986031668603 -0.0018904225021000348 -7.74445501485268e-05 0.15139053366331415 0.0026648366115202627 -0.12871801681941994 -0.12688986031668603 0.0026648366115202627 1.406122226040695 -0.10338999959492728 -0.0018904225021000348 -0.1287180168194199 -0.10338999959492728 1.3620025989421929 3.00732177956e-10
1.6352724042341804 0.0021742764868351336 0.5024251897720748 0.0010530168197574157 0.195028788032621 7.6087797448340286e-06 -0.16469539165890024 -2.7829463791185743e-06 7.6087797448340286e-06 0.19501828468314802 5.437953832189395e-07 -0.16468360016687647 -0.16469539165890024 5.437953832189395e-07 1.2383136239705361 3.579982806843285e-05 -2.7829463791185743e-06 -0.16468360016687647 3.579982806843285e-05 1.238316901418411 2.78184901594e-07
1.6598866941173518 0.007416385869511051 -0.4961520284577433 1.0170199758830964 0.19512212188635475 -3.902642335376638e-05 -0.16474156414403202 6.931327836646652e-06 -3.902642335376638e-05 0.195029448005354 1.0483614143929777e-05 -0.16468345028469109 -0.16474156414403202 1.0483614143929777e-05 1.2383210273085434 -1.5832362897192325e-05 6.931327836646652e-06 -0.16468345028469109 -1.5832362897192325e-05 1.2382841718548447 4.45919982176e-08
1.6609504672072466 0.0038418018544712114 0.48651172509544505 -0.0003926188056775934 0.1950196467568808 -8.837489424144206e-06 -0.1646853338535064 3.1007415425869684e-06 -8.837489424144206e-06 0.1950359618712983 1.6658838002449173e-05 -0.16468516533950375 -0.1646853338535064 1.6658838002449173e-05 1.238344108223475 1.4766031216037817e-05 3.1007415425869684e-06 -0.16468516533950375 1.4766031216037817e-05 1.2383110773836843 2.80290264699e-07
1.663561810045669 0.03103508297471179 0.48677247005559215 -0.017221287675322546 0.1950125827997147 2.166437732034377e-06 -0.16466779571082182 9.82816791198896e-06 2.166437732034377e-06 0.19501228244580676 3.172508358314083e-06 -0.16467556624589416 -0.16466779571082182 3.172508358314083e-06 1.238359870663676 3.652194836058726e-05 9.82816791198896e-06 -0.16467556624589416 3.652194836058726e-05 1.2383077815083419 2.07336194635e-07
1.6450277787011025 0.014667529330001861 -0.49280390140944896 0.001422980341830775 0.19509602458042163 1.9868865558374486e-05 -0.16469827234431522 3.491478045748925e-05 1.9868865558374486e-05 0.19512664949913464 2.9350091096839208e-05 -0.16468253393580404 -0.16469827234431522 2.9350091096839208e-05 1.2384144815353624 1.352080840358143e-05 3.491478045748925e-05 -0.16468253393580404 1.352080840358143e-05 1.238343159193426 9.65575699347e-08
1.6473487200072283 0.012200297823427925 -0.5074829560081939 -1.0079125507356148 0.1950309732039905 1.1601998737851955e-08 -0.16470019296314894 -7.5245215300451e-09 1.1601998737851955e-08 0.1950215992464256 -7.524521530475393e-09 -0.16469411344641097 -0.16470019296314894 -7.524521530475393e-09 1.2382805808875812 4.880057784752861e-09 -7.5245215300451e-09 -0.16469411344641097 4.880057784752861e-09 1.2382766379932901 2.90029404578e-07
1.638842385468676 0.026868926578138663 0.49991699685907254 -0.014874507600624733 0.19506890107390895 -1.678012904871268e-05 -0.16472388122962278 1.2854092522169562e-05 -1.678012904871268e-05 0.1950337685203806 2.246835943810688e-05 -0.16468618218337946 -0.16472388122962278 2.246835943810688e-05 1.2383309302232708 1.84674773568825e-05 1.2854092522169562e-05 -0.16468618218337946 1.84674773568825e-05 1.2383213114306268 4.35378282361e-07
1.6545420515836198 0.023063840611551714 -0.5024552363746437 -1.0080187668030964 0.19503775274934154 -1.3961876554591622e-05 -0.16471975955790927 1.348285459447431e-05 -1.3961876554591622e-05 0.19504007462418604 -1.6470289835727436e-06 -0.1646911720691621 -0.16471975955790927 -1.6470289835727436e-06 1.2384886779452164 5.015011996120829e-05 1.348285459447431e-05 -0.1646911720691621 5.015011996120829e-05 1.2383832468965907 1.64856036548e-07
1.0 0.0 0.0 0.0 0.28624309392265185 0.0 -0.22375690607734797 0.0 0.0 0.28624309392265185 0.0 -0.22375690607734797 -0.22375690607734797 0.0 1.276243093922652 0.0 0.0 -0.22375690607734797 0.0 1.276243093922652 0.000316628698882
1.0 0.024861878453038694 0.0 0.024861878453038694 0.28624309392265185 0.0 -0.22375690607734797 0.0 0.0 0.28624309392265185 0.0 -0.22375690607734797 -0.22375690607734797 0.0 1.276243093922652 0.0 0.0 -0.22375690607734797 0.0 1.276243093922652 3.75679330876e-05
1.0248618784530388 0.0 0.024861878453038694 0.0 0.28624309392265185 0.0 -0.22375690607734797 0.0 0.0 0.28624309392265185 0.0 -0.22375690607734797 -0.22375690607734797 0.0 1.276243093922652 0.0 0.0 -0.22375690607734797 0.0 1.276243093922652 3.75679330876e-05
1.0124309392265194 0.012430939226519347 0.012430939226519347 0.012430939226519347 0.28624309392265185 0.0 -0.22375690607734797 0.0 0.0 0.28624309392265185 0.0 -0.22375690607734797 -0.22375690607734797 0.0 1.276243093922652 0.0 0.0 -0.22375690607734797 0.0 1.276243093922652 0.000109064594499
1.0 0.024861878453038694 0.0 0.024861878453038694 0.28624309392265185 0.0 -0.22375690607734797 0.0 0.0 0.28624309392265185 0.0 -0.22375690607734797 -0.22375690607734797 0.0 1.276243093922652 0.0 0.0 -0.22375690607734797 0.0 1.276243093922652 3.75679330876e-05
1.0 0.04972375690607739 0.0 0.04972375690607739 0.28624309392265185 0.0 -0.22375690607734797 0.0 0.0 0.28624309392265185 0.0 -0.22375690607734797 -0.22375690607734797 0.0 1.276243093922652 0.0 0.0 -0.22375690607734797 0.0 1.276243093922652 0.000316628698882
1.0248618784530388 0.024861878453038694 0.024861878453038694 0.024861878453038694 0.28624309392265185 0.0 -0.22375690607734797 0.0 0.0 0.28624309392265185 0.0 -0.22375690607734797 -0.22375690607734797 0.0 1.276243093922652 0.0 0.0 -0.22375690607734797 0.0 1.276243093922652 4.45742790043e-06
1.0248618784530388 0.04972375690607739 0.024861878453038694 0.04972375690607739 0.28624309392265185 0.0 -0.22375690607734797 0.0 0.0 0.28624309392265185 0.0 -0.22375690607734797 -0.22375690607734797 0.0 1.276243093922652 0.0 0.0 -0.22375690607734797 0.0 1.276243093922652 3.75679330876e-05
1.0124309392265194 0.03729281767955803 0.012430939226519347 0.03729281767955803 0.28624309392265185 0.0 -0.22375690607734797 0.0 0.0 0.28624309392265185 0.0 -0.22375690607734797 -0.22375690607734797 0.0 1.276243093922652 0.0 0.0 -0.22375690607734797 0.0 1.276243093922652 0.000109064594499
1.0248618784530388 0.0 0.024861878453038694 0.0 0.28624309392265185 0.0 -0.22375690607734797 0.0 0.0 0.28624309392265185 0.0 -0.22375690607734797 -0.22375690607734797 0.0 1.276243093922652 0.0 0.0 -0.22375690607734797 0.0 1.276243093922652 3.75679330876e-05
1.0248618784530388 0.024861878453038694 0.024861878453038694 0.024861878453038694 0.28624309392265185 0.0 -0.22375690607734797 0.0 0.0 0.28624309392265185 0.0 -0.22375690607734797 -0.22375690607734797 0.0 1.276243093922652 0.0 0.0 -0.22375690607734797 0.0 1.276243093922652 4.45742790043e-06
1.0497237569060773 0.0 0.04972375690607739 0.0 0.28624309392265185 0.0 -0.22375690607734797 0.0 0.0 0.28624309392265185 0.0 -0.22375690607734797 -0.22375690607734797 0.0 1.276243093922652 0.0 0.0 -0.22375690607734797 0.0 1.276243093922652 0.000316628698882
1.0497237569060773 0.024861878453038694 0.04972375690607739 0.024861878453038694 0.28624309392265185 0.0 -0.22375690607734797 0.0 0.0 0.28624309392265185 0.0 -0.22375690607734797 -0.22375690607734797 0.0 1.276243093922652 0.0 0.0 -0.22375690607734797 0.0 1.276243093922652 3.75679330876e-05
1.037292817679558 0.012430939226519347 0.03729281767955803 0.012430939226519347 0.28624309392265185 0.0 -0.22375690607734797 0.0 0.0 0.28624309392265185 0.0 -0.22375690607734797 -0.22375690607734797 0.0 1.276243093922652 0.0 0.0 -0.22375690607734797 0.0 1.276243093922652 0.000109064594499
1.0248618784530388 0.024861878453038694 0.024861878453038694 0.024861878453038694 0.28624309392265185 0.0 -0.22375690607734797 0.0 0.0 0.28624309392265185 0.0 -0.22375690607734797 -0.22375690607734797 0.0 1.276243093922652 0.0 0.0 -0.22375690607734797 0.0 1.276243093922652 4.45742790043e-06
1.0248618784530388 0.04972375690607739 0.024861878453038694 0.04972375690607739 0.28624309392265185 0.0 -0.22375690607734797 0.0 0.0 0.28624309392265185 0.0 -0.22375690607734797 -0.22375690607734797 0.0 1.276243093922652 0.0 0.0 -0.22375690607734797 0.0 1.276243093922652 3.75679330876e-05
1.0497237569060773 0.024861878453038694 0.04972375690607739 0.024861878453038694 0.28624309392265185 0.0 -0.22375690607734797 0.0 0.0 0.28624309392265185 0.0 -0.22375690607734797 -0.22375690607734797 0.0 1.276243093922652 0.0 0.0 -0.22375690607734797 0.0 1.276243093922652 3.75679330876e-05
1.0497237549176697 0.049723768624790735 0.04972376226394061 0.04972374027638664 0.28624308295603046 -5.678017499282379e-10 -0.22375689716056713 8.055831814229826e-10 -5.678017499282379e-10 0.28624308620695377 1.5331219254332077e-09 -0.22375690163054096 -0.22375689716056713 1.5331219254332077e-09 1.2762430898366992 5.252147289283245e-10 8.055831814229826e-10 -0.22375690163054096 5.252147289283245e-10 1.276243099249589 0.000316628711876
1.037292817679558 0.03729281767955803 0.03729281767955803 0.03729281767955803 0.28624309392265185 0.0 -0.22375690607734797 0.0 0.0 0.28624309392265185 0.0 -0.22375690607734797 -0.22375690607734797 0.0 1.276243093922652 0.0 0.0 -0.22375690607734797 0.0 1.276243093922652 0.000109064594499
1.0124309392265194 0.012430939226519347 0.012430939226519347 0.012430939226519347 0.28624309392265185 0.0 -0.22375690607734797 0.0 0.0 0.28624309392265185 0.0 -0.22375690607734797 -0.22375690607734797 0.0 1.276243093922652 0.0 0.0 -0.22375690607734797 0.0 1.276243093922652 0.000109064594499
1.0124309392265194 0.03729281767955803 0.012430939226519347 0.03729281767955803 0.28624309392265185 0.0 -0.22375690607734797 0.0 0.0 0.28624309392265185 0.0 -0.22375690607734797 -0.22375690607734797 0.0 1.276243093922652 0.0 0.0 -0.22375690607734797 0.0 1.276243093922652 0.000109064594499
1.037292817679558 0.012430939226519347 0.03729281767955803 0.012430939226519347 0.28624309392265185 0.0 -0.22375690607734797 0.0 0.0 0.28624309392265185 0.0 -0.22375690607734797 -0.22375690607734797 0.0 1.276243093922652 0.0 0.0 -0.22375690607734797 0.0 1.276243093922652 0.000109064594499
1.037292817679558 0.03729281767955803 0.03729281767955803 0.03729281767955803 0.28624309392265185 0.0 -0.22375690607734797 0.0 0.0 0.28624309392265185 0.0 -0.22375690607734797 -0.22375690607734797 0.0 1.276243093922652 0.0 0.0 -0.22375690607734797 0.0 1.276243093922652 0.000109064594499
1.0248618784530388 0.024861878453038697 0.024861878453038697 0.024861878453038697 0.28624309392265185 0.0 -0.22375690607734797 0.0 0.0 0.28624309392265185 0.0 -0.22375690607734797 -0.22375690607734797 0.0 1.276243093922652 0.0 0.0 -0.22375690607734797 0.0 1.276243093922652 0.000321086126783
0 0 0 0 10.0 0 9.0 0 0 10.0 0 9.0 9.0 0 10.0 0 0 9.0 0 10.0 1
0 9 0 9 10.0 0 9.0 0 0 10.0 0 9.0 9.0 0 10.0 0 0 9.0 0 10.0 1
9 0 9 0 10.0 0 9.0 0 0 10.0 0 9.0 9.0 0 10.0 0 0 9.0 0 10.0 1
9 9 9 9 10.0 0 9.0 0 0 10.0 0 9.0 9.0 0 10.0 0 0 9.0 0 10.0 1
4.5 4.5 4.5 4.5 10.0 0 9.0 0 0 10.0 0 9.0 9.0 0 10.0 0 0 9.0 0 10.0 1
50 3
0.001953995769054697 1.0429514812030996 0.00391398813850321 -0.9291763315704712 0.01957868126514125 -2.616727811255804e-06 -6.871389299446471e-05 -2.161871237515036e-05 -2.616727811255804e-06 0.020550441516765387 0.0008594951971971274 0.0006062438154725344 -6.871389299446471e-05 0.0008594951971971274 1.012880884057753 0.0027818388542857554 -2.161871237515036e-05 0.0006062438154725344 0.0027818388542857554 1.0693863929305727 1.16241087822e-09
0.0018715148786934892 1.0408260355618704 1.0009394017909552 0.0077265733666499 0.019611683324406815 1.559689075968348e-07 -6.747052477567703e-05 5.6657155936219987e-08 1.559689075968348e-07 0.019611699891714927 5.256465407420038e-08 -6.751259608787322e-05 -6.747052477567703e-05 5.256465407420038e-08 1.0099105408338631 2.050579022290408e-08 5.6657155936219987e-08 -6.751259608787322e-05 2.050579022290408e-08 1.0099105653501637 2.39944746978e-09
0.00044976328248290366 1.000449763282483 0.0004497632824829037 1.000449763282483 0.019947864854870545 0.0 4.6874755860646546e-05 0.0 0.0 0.019947864854870545 0.0 4.6874755860646546e-05 4.6874755860646546e-05 0.0 1.0099478648548705 0.0 0.0 4.6874755860646546e-05 0.0 1.0099478648548705 1.42458848043e-06
0.00044976328248290366 1.0051841136244082 0.0004497632824829037 1.0051841136244082 0.019947864854870545 0.0 4.6874755860646546e-05 0.0 0.0 0.019947864854870545 0.0 4.6874755860646546e-05 4.6874755860646546e-05 0.0 1.0099478648548705 0.0 0.0 4.6874755860646546e-05 0.0 1.0099478648548705 1.42458848043e-06
0.005180626439169865 1.000479112567911 -0.9948193633132092 0.00045500776114539997 0.01994763439852393 -1.3929367084635582e-07 4.680725768171228e-05 -2.489794125187088e-08 -1.3929367084635582e-07 0.01994879154687832 -1.3887841167438512e-07 4.700060374294885e-05 4.680725768171228e-05 -1.3887841167438512e-07 1.00994785391021 -2.4824740541177035e-08 -2.489794125187088e-08 4.700060374294885e-05 -2.4824740541177035e-08 1.009947874981612 1.42563488298e-06
0.005184113624408208 1.0051841136244082 0.005184113624408209 1.0051841136244082 0.019947864854870545 0.0 4.6874755860646546e-05 0.0 0.0 0.019947864854870545 0.0 4.6874755860646546e-05 4.6874755860646546e-05 0.0 1.0099478648548705 0.0 0.0 4.6874755860646546e-05 0.0 1.0099478648548705 1.42458848043e-06
0.0028169384534455556 1.0028169384534455 0.002816938453445556 1.0028169384534455 0.019947864854870545 0.0 4.6874755860646546e-05 0.0 0.0 0.019947864854870545 0.0 4.6874755860646546e-05 4.6874755860646546e-05 0.0 1.0099478648548705 0.0 0.0 4.6874755860646546e-05 0.0 1.0099478648548705 2.00214502996e-06
0.9529869003301225 0.9942024256339483 0.2232714288886995 0.06460830866568484 0.028955318512162456 -1.1633786133994402e-06 -0.015514070411368541 1.2328938618341269e-05 -1.1633786133994402e-06 0.028999510295558688 -2.3188014308662184e-05 -0.01587253499820468 -0.015514070411368541 -2.3188014308662184e-05 1.1037643368840886 0.0001780576069455252 1.2328938618341269e-05 -0.01587253499820468 0.0001780576069455252 1.1064943679899757 3.61601427829e-09
0.954362619831443 0.9865760715964378 -0.7759973258948668 0.06228465285865044 0.028953887252243196 -3.239971466371871e-06 -0.015529056082178494 7.654637438165484e-06 -3.239971466371871e-06 0.02896886376289688 4.581732328689298e-05 -0.016236524844178084 -0.015529056082178494 4.581732328689298e-05 1.1038384890557256 -0.0016344771165144106 7.654637438165484e-06 -0.016236524844178084 -0.0016344771165144106 1.1495312054964022 1.01803741285e-09
0.9513424631749468 0.9889807312370943 -0.7726374585676659 1.084816591485694 0.02895431149208381 8.707700884542803e-06 -0.015502177534851816 -3.9095132881549417e-05 8.707700884542803e-06 0.029008479568885085 5.5815998186493646e-05 -0.01577011723202136 -0.015502177534851816 5.5815998186493646e-05 1.103807130552086 -0.00023962015311610458 -3.9095132881549417e-05 -0.01577011723202136 -0.00023962015311610458 1.1048465853485743 1.09241436495e-09
1.1936465360895354 1.0116116955916414 -0.5045670700002697 0.10182938987673705 0.15345495737614961 -4.131705164309421e-06 -0.1264807048585394 0.0008229660280148895 -4.131705164309421e-06 0.15194306343383732 0.0014928505307566235 -0.12800362900532938 -0.1264807048585394 0.0014928505307566235 1.415384786152235 -0.061330437199649354 0.0008229660280148895 -0.12800362900532938 -0.061330437199649354 1.3281665330290928 5.22902151985e-10
1.1922168027953712 1.015223234716202 -0.9106901965326124 -1.0143897618467068 0.15232964815485914 -3.4639310263219445e-05 -0.12744124455445102 1.3615569499872795e-05 -3.4639310263219445e-05 0.1523177953242959 9.458636374530952e-06 -0.12743884571923478 -0.12744124455445102 9.458636374530949e-06 1.2058701753530976 8.036531587235428e-05 1.3615569499872795e-05 -0.12743884571923478 8.036531587235428e-05 1.2058600824089798 4.87389692654e-10
0.6589017799476059 1.0016326565173164 0.4857611704521685 -0.001058865751809101 0.19504231583081155 -6.399238708139944e-06 -0.1646977204186282 4.150251221755827e-06 -6.399238708139944e-06 0.19501740267231094 2.947132686947896e-06 -0.16469139174190192 -0.1646977204186282 2.947132686947896e-06 1.2383023464429472 -1.911374398195753e-06 4.150251221755827e-06 -0.16469139174190192 -1.911374398195753e-06 1.2382748728212158 2.71718076882e-07
0.6346930733976353 1.0022788482135725 0.5041610921322708 0.000713730542406939 0.1950225027880552 1.0526826879784433e-05 -0.16467648900458606 -1.98482597581989e-06 1.0526826879784433e-05 0.19501860449351158 -8.557916246699307e-07 -0.1646866165954895 -0.16467648900458606 -8.557916246699307e-07 1.238337776878212 3.4922257189053686e-05 -1.98482597581989e-06 -0.1646866165954895 3.4922257189053686e-05 1.238308408747016 2.63501649852e-07
0.6394003721833053 1.0226346139943259 -0.5002542276220358 -0.011454002246945998 0.19500914576410236 1.21390709741679e-06 -0.164691216752892 -7.059378507620613e-06 1.21390709741679e-06 0.19501026323540907 -6.094923684985229e-06 -0.16469070354995102 -0.164691216752892 -6.094923684985229e-06 1.2383164344347632 4.3947284145759444e-05 -7.059378507620613e-06 -0.16469070354995102 4.3947284145759444e-05 1.2383565393340874 6.68465272974e-08
0.6321712545525455 1.030697401884667 0.5023604484058863 -0.01881847696232405 0.19500822836016318 1.49384229614485e-07 -0.16468544170597785 3.1833236740363307e-06 1.49384229614485e-07 0.19500908519485483 -9.688372472806189e-08 -0.1646790589975368 -0.16468544170597785 -9.688372472806189e-08 1.238271013902212 -2.0645569840375756e-06 3.1833236740363307e-06 -0.1646790589975368 -2.0645569840375756e-06 1.238306002222313 1.73778151071e-07
0.6603653003178531 1.0277274813461723 -0.5146612154458672 -0.01700263861439254 0.19502205674768539 1.4753139874276913e-05 -0.16469803476587846 -1.1935920065704971e-05 1.4753139874276913e-05 0.19503205041174346 -2.0254439605478416e-05 -0.16471757971465828 -0.16469803476587846 -2.0254439605478416e-05 1.2383252984873288 2.037323023432167e-05 -1.1935920065704971e-05 -0.16471757971465828 2.037323023432167e-05 1.2383354287399158 2.42290979866e-07
0.6498845107115998 1.03285299775396 -0.49272192208201 -1.0045291095703948 0.1951501221674584 9.996637621969283e-06 -0.16476788044949428 5.000755737958978e-06 9.996637621969283e-06 0.19501817632728885 3.1334650623966666e-06 -0.1646824006576362 -0.16476788044949428 3.1334650623966666e-06 1.238388032256676 5.4183705349474486e-05 5.000755737958978e-06 -0.1646824006576362 5.4183705349474486e-05 1.2383356015561136 1.02912276345e-07
0.6484154619025727 1.0100871515974792 -0.5051879215807348 -1.0061396889578562 0.19511650152778778 4.80111906241595e-06 -0.16472277103349048 4.535731391105827e-06 4.80111906241595e-06 0.1950214924631075 5.450393061235258e-06 -0.1646900252627283 -0.16472277103349048 5.450393061235258e-06 1.2383794614344183 -1.4291412681748937e-06 4.535731391105827e-06 -0.1646900252627283 -1.4291412681748937e-06 1.2382794868820055 1.75689558209e-07
0.6626515704082672 1.0073453521975453 -0.5007173327407267 1.0198971695214838 0.19511712476553866 -3.835109761271077e-05 -0.16468025586281515 -5.362050381429599e-05 -3.835109761271077e-05 0.19504332322155804 -1.4052594465687556e-05 -0.16466657809637575 -0.16468025586281515 -1.4052594465687556e-05 1.2382880715743867 -3.4239230717615774e-06 -5.362050381429599e-05 -0.16466657809637575 -3.4239230717615774e-06 1.2382993664518764 3.58306588217e-08
0.6491691599172542 1.01910220573333 0.49682875203377375 -0.007526475780861663 0.1950668020274 6.858812325314292e-06 -0.164692476745739 2.0859523287894097e-05 6.858812325314292e-06 0.19504028431408402 3.885937613635371e-06 -0.16470201917900307 -0.164692476745739 3.885937613635371e-06 1.2383610109390846 4.5049522991355174e-05 2.0859523287894097e-05 -0.16470201917900307 4.5049522991355174e-05 1.2383651722677962 4.64656783999e-07
0.0 1.0 0.0 0.0 0.28624309392265185 0.0 -0.22375690607734797 0.0 0.0 0.28624309392265185 0.0 -0.22375690607734797 -0.22375690607734797 0.0 1.276243093922652 0.0 0.0 -0.22375690607734797 0.0 1.276243093922652 0.000316628698882
0.0 1.0248618784530388 0.0 0.024861878453038694 0.28624309392265185 0.0 -0.22375690607734797 0.0 0.0 0.28624309392265185 0.0 -0.22375690607734797 -0.22375690607734797 0.0 1.276243093922652 0.0 0.0 -0.22375690607734797 0.0 1.276243093922652 3.75679330876e-05
0.024861878453038694 1.0 0.024861878453038694 0.0 0.28624309392265185 0.0 -0.22375690607734797 0.0 0.0 0.28624309392265185 0.0 -0.22375690607734797 -0.22375690607734797 0.0 1.276243093922652 0.0 0.0 -0.22375690607734797 0.0 1.276243093922652 3.75679330876e-05
0.012430939226519347 1.0124309392265194 0.012430939226519347 0.012430939226519347 0.28624309392265185 0.0 -0.22375690607734797 0.0 0.0 0.28624309392265185 0.0 -0.22375690607734797 -0.22375690607734797 0.0 1.276243093922652 0.0 0.0 -0.22375690607734797 0.0 1.276243093922652 0.000109064594499
0.0 1.0248618784530388 0.0 0.024861878453038694 0.28624309392265185 0.0 -0.22375690607734797 0.0 0.0 0.28624309392265185 0.0 -0.22375690607734797 -0.22375690607734797 0.0 1.276243093922652 0.0 0.0 -0.22375690607734797 0.0 1.276243093922652 3.75679330876e-05
0.0 1.0497237569060773 0.0 0.04972375690607739 0.28624309392265185 0.0 -0.22375690607734797 0.0 0.0 0.28624309392265185 0.0 -0.22375690607734797 -0.22375690607734797 0.0 1.276243093922652 0.0 0.0 -0.22375690607734797 0.0 1.276243093922652 0.000316628698882
0.024861878453038694 1.0248618784530388 0.024861878453038694 0.024861878453038694 0.28624309392265185 0.0 -0.22375690607734797 0.0 0.0 0.28624309392265185 0.0 -0.22375690607734797 -0.22375690607734797 0.0 1.276243093922652 0.0 0.0 -0.22375690607734797 0.0 1.276243093922652 4.45742790043e-06
0.024861878453038694 1.0497237569060773 0.024861878453038694 0.04972375690607739 0.28624309392265185 0.0 -0.22375690607734797 0.0 0.0 0.28624309392265185 0.0 -0.22375690607734797 -0.22375690607734797 0.0 1.276243093922652 0.0 0.0 -0.22375690607734797 0.0 1.276243093922652 3.75679330876e-05
0.012430939226519347 1.037292817679558 0.012430939226519347 0.03729281767955803 0.28624309392265185 0.0 -0.22375690607734797 0.0 0.0 0.28624309392265185 0.0 -0.22375690607734797 -0.22375690607734797 0.0 1.276243093922652 0.0 0.0 -0.22375690607734797 0.0 1.276243093922652 0.000109064594499
0.024861878453038694 1.0 0.024861878453038694 0.0 0.28624309392265185 0.0 -0.22375690607734797 0.0 0.0 0.28624309392265185 0.0 -0.22375690607734797 -0.22375690607734797 0.0 1.276243093922652 0.0 0.0 -0.22375690607734797 0.0 1.276243093922652 3.75679330876e-05
0.024861878453038694 1.0248618784530388 0.024861878453038694 0.024861878453038694 0.28624309392265185 0.0 -0.22375690607734797 0.0 0.0 0.28624309392265185 0.0 -0.22375690607734797 -0.22375690607734797 0.0 1.276243093922652 0.0 0.0 -0.22375690607734797 0.0 1.276243093922652 4.45742790043e-06
0.04972375690607739 1.0 0.04972375690607739 0.0 0.28624309392265185 0.0 -0.22375690607734797 0.0 0.0 0.28624309392265185 0.0 -0.22375690607734797 -0.22375690607734797 0.0 1.276243093922652 0.0 0.0 -0.22375690607734797 0.0 1.276243093922652 0.000316628698882
0.04972375690607739 1.0248618784530388 0.04972375690607739 0.024861878453038694 0.28624309392265185 0.0 -0.22375690607734797 0.0 0.0 0.28624309392265185 0.0 -0.22375690607734797 -0.22375690607734797 0.0 1.276243093922652 0.0 0.0 -0.22375690607734797 0.0 1.276243093922652 3.75679330876e-05
0.03729281767955803 1.0124309392265194 0.03729281767955803 0.012430939226519347 0.28624309392265185 0.0 -0.22375690607734797 0.0 0.0 0.28624309392265185 0.0 -0.22375690607734797 -0.22375690607734797 0.0 1.276243093922652 0.0 0.0 -0.22375690607734797 0.0 1.276243093922652 0.000109064594499
0.024861878453038694 1.0248618784530388 0.024861878453038694 0.024861878453038694 0.28624309392265185 0.0 -0.22375690607734797 0.0 0.0 0.28624309392265185 0.0 -0.22375690607734797 -0.22375690607734797 0.0 1.276243093922652 0.0 0.0 -0.22375690607734797 0.0 1.276243093922652 4.45742790043e-06
0.024861878453038694 1.0497237569060773 0.024861878453038694 0.04972375690607739 0.28624309392265185 0.0 -0.22375690607734797 0.0 0.0 0.28624309392265185 0.0 -0.22375690607734797 -0.22375690607734797 0.0 1.276243093922652 0.0 0.0 -0.22375690607734797 0.0 1.276243093922652 3.75679330876e-05
0.04972375690607739 1.0248618784530388 0.04972375690607739 0.024861878453038694 0.28624309392265185 0.0 -0.22375690607734797 0.0 0.0 0.28624309392265185 0.0 -0.22375690607734797 -0.22375690607734797 0.0 1.276243093922652 0.0 0.0 -0.22375690607734797 0.0 1.276243093922652 3.75679330876e-05
0.04972375690607739 1.0497237569060773 0.04972375690607739 0.04972375690607739 0.28624309392265185 0.0 -0.22375690607734797 0.0 0.0 0.28624309392265185 0.0 -0.22375690607734797 -0.22375690607734797 0.0 1.276243093922652 0.0 0.0 -0.22375690607734797 0.0 1.276243093922652 0.000316628698882
0.03729281767955803 1.037292817679558 0.03729281767955803 0.03729281767955803 0.28624309392265185 0.0 -0.22375690607734797 0.0 0.0 0.28624309392265185 0.0 -0.22375690607734797 -0.22375690607734797 0.0 1.276243093922652 0.0 0.0 -0.22375690607734797 0.0 1.276243093922652 0.000109064594499
0.012430939226519347 1.0124309392265194 0.012430939226519347 0.012430939226519347 0.28624309392265185 0.0 -0.22375690607734797 0.0 0.0 0.28624309392265185 0.0 -0.22375690607734797 -0.22375690607734797 0.0 1.276243093922652 0.0 0.0 -0.22375690607734797 0.0 1.276243093922652 0.000109064594499
0.012430939226519347 1.037292817679558 0.012430939226519347 0.03729281767955803 0.28624309392265185 0.0 -0.22375690607734797 0.0 0.0 0.28624309392265185 0.0 -0.22375690607734797 -0.22375690607734797 0.0 1.276243093922652 0.0 0.0 -0.22375690607734797 0.0 1.276243093922652 0.000109064594499
0.03729281767955803 1.0124309392265194 0.03729281767955803 0.012430939226519347 0.28624309392265185 0.0 -0.22375690607734797 0.0 0.0 0.28624309392265185 0.0 -0.22375690607734797 -0.22375690607734797 0.0 1.276243093922652 0.0 0.0 -0.22375690607734797 0.0 1.276243093922652 0.000109064594499
0.03729281767955803 1.037292817679558 0.03729281767955803 0.03729281767955803 0.28624309392265185 0.0 -0.22375690607734797 0.0 0.0 0.28624309392265185 0.0 -0.22375690607734797 -0.22375690607734797 0.0 1.276243093922652 0.0 0.0 -0.22375690607734797 0.0 1.276243093922652 0.000109064594499
0.024861878453038697 1.0248618784530388 0.024861878453038697 0.024861878453038697 0.28624309392265185 0.0 -0.22375690607734797 0.0 0.0 0.28624309392265185 0.0 -0.22375690607734797 -0.22375690607734797 0.0 1.276243093922652 0.0 0.0 -0.22375690607734797 0.0 1.276243093922652 0.000321086126783
0 0 0 0 10.0 0 9.0 0 0 10.0 0 9.0 9.0 0 10.0 0 0 9.0 0 10.0 1
0 9 0 9 10.0 0 9.0 0 0 10.0 0 9.0 9.0 0 10.0 0 0 9.0 0 10.0 1
9 0 9 0 10.0 0 9.0 0 0 10.0 0 9.0 9.0 0 10.0 0 0 9.0 0 10.0 1
9 9 9 9 10.0 0 9.0 0 0 10.0 0 9.0 9.0 0 10.0 0 0 9.0 0 10.0 1
4.5 4.5 4.5 4.5 10.0 0 9.0 0 0 10.0 0 9.0 9.0 0 10.0 0 0 9.0 0 10.0 1
50 3
0.001953995769054697 1.0429514812030996 0.00391398813850321 -0.9291763315704712 0.01957868126514125 -2.616727811255804e-06 -6.871389299446471e-05 -2.161871237515036e-05 -2.616727811255804e-06 0.020550441516765387 0.0008594951971971274 0.0006062438154725344 -6.871389299446471e-05 0.0008594951971971274 1.012880884057753 0.0027818388542857554 -2.161871237515036e-05 0.0006062438154725344 0.0027818388542857554 1.0693863929305727 1.16241087822e-09
0.0018715148786934892 1.0408260355618704 1.0009394017909552 0.0077265733666499 0.019611683324406815 1.559689075968348e-07 -6.747052477567703e-05 5.6657155936219987e-08 1.559689075968348e-07 0.019611699891714927 5.256465407420038e-08 -6.751259608787322e-05 -6.747052477567703e-05 5.256465407420038e-08 1.0099105408338631 2.050579022290408e-08 5.6657155936219987e-08 -6.751259608787322e-05 2.050579022290408e-08 1.0099105653501637 2.39944746978e-09
0.00044976328248290366 1.000449763282483 0.0004497632824829037 1.000449763282483 0.019947864854870545 0.0 4.6874755860646546e-05 0.0 0.0 0.019947864854870545 0.0 4.6874755860646546e-05 4.6874755860646546e-05 0.0 1.0099478648548705 0.0 0.0 4.6874755860646546e-05 0.0 1.0099478648548705 1.42458848043e-06
0.00044976328248290366 1.0051841136244082 0.0004497632824829037 1.0051841136244082 0.019947864854870545 0.0 4.6874755860646546e-05 0.0 0.0 0.019947864854870545 0.0 4.6874755860646546e-05 4.6874755860646546e-05 0.0 1.0099478648548705 0.0 0.0 4.6874755860646546e-05 0.0 1.0099478648548705 1.42458848043e-06
0.005180626439169865 1.000479112567911 -0.9948193633132092 0.00045500776114539997 0.01994763439852393 -1.3929367084635582e-07 4.680725768171228e-05 -2.489794125187088e-08 -1.3929367084635582e-07 0.01994879154687832 -1.3887841167438512e-07 4.700060374294885e-05 4.680725768171228e-05 -1.3887841167438512e-07 1.00994785391021 -2.4824740541177035e-08 -2.489794125187088e-08 4.700060374294885e-05 -2.4824740541177035e-08 1.009947874981612 1.42563488298e-06
0.005184113624408208 1.0051841136244082 0.005184113624408209 1.0051841136244082 0.019947864854870545 0.0 4.6874755860646546e-05 0.0 0.0 0.019947864854870545 0.0 4.6874755860646546e-05 4.6874755860646546e-05 0.0 1.0099478648548705 0.0 0.0 4.6874755860646546e-05 0.0 1.0099478648548705 1.42458848043e-06
0.0028169384534455556 1.0028169384534455 0.002816938453445556 1.0028169384534455 0.019947864854870545 0.0 4.6874755860646546e-05 0.0 0.0 0.019947864854870545 0.0 4.6874755860646546e-05 4.6874755860646546e-05 0.0 1.0099478648548705 0.0 0.0 4.6874755860646546e-05 0.0 1.0099478648548705 2.00214502996e-06
0.9529869003301225 0.9942024256339483 0.2232714288886995 0.06460830866568484 0.028955318512162456 -1.1633786133994402e-06 -0.015514070411368541 1.2328938618341269e-05 -1.1633786133994402e-06 0.028999510295558688 -2.3188014308662184e-05 -0.01587253499820468 -0.015514070411368541 -2.3188014308662184e-05 1.1037643368840886 0.0001780576069455252 1.2328938618341269e-05 -0.01587253499820468 0.0001780576069455252 1.1064943679899757 3.61601427829e-09
0.954362619831443 0.9865760715964378 -0.7759973258948668 0.06228465285865044 0.028953887252243196 -3.239971466371871e-06 -0.015529056082178494 7.654637438165484e-06 -3.239971466371871e-06 0.02896886376289688 4.581732328689298e-05 -0.016236524844178084 -0.015529056082178494 4.581732328689298e-05 1.1038384890557256 -0.0016344771165144106 7.654637438165484e-06 -0.016236524844178084 -0.0016344771165144106 1.1495312054964022 1.01803741285e-09
0.9513424631749468 0.9889807312370943 -0.7726374585676659 1.084816591485694 0.02895431149208381 8.707700884542803e-06 -0.015502177534851816 -3.9095132881549417e-05 8.707700884542803e-06 0.029008479568885085 5.5815998186493646e-05 -0.01577011723202136 -0.015502177534851816 5.5815998186493646e-05 1.103807130552086 -0.00023962015311610458 -3.9095132881549417e-05 -0.01577011723202136 -0.00023962015311610458 1.1048465853485743 1.09241436495e-09
1.1936465360895354 1.0116116955916414 -0.5045670700002697 0.10182938987673705 0.15345495737614961 -4.131705164309421e-06 -0.1264807048585394 0.0008229660280148895 -4.131705164309421e-06 0.15194306343383732 0.0014928505307566235 -0.12800362900532938 -0.1264807048585394 0.0014928505307566235 1.415384786152235 -0.061330437199649354 0.0008229660280148895 -0.12800362900532938 -0.061330437199649354 1.3281665330290928 5.22902151985e-10
1.1922168027953712 1.015223234716202 -0.9106901965326124 -1.0143897618467068 0.15232964815485914 -3.4639310263219445e-05 -0.12744124455445102 1.3615569499872795e-05 -3.4639310263219445e-05 0.1523177953242959 9.458636374530952e-06 -0.12743884571923478 -0.12744124455445102 9.458636374530949e-06 1.2058701753530976 8.036531587235428e-05 1.3615569499872795e-05 -0.12743884571923478 8.036531587235428e-05 1.2058600824089798 4.87389692654e-10
0.6589017799476059 1.0016326565173164 0.4857611704521685 -0.001058865751809101 0.19504231583081155 -6.399238708139944e-06 -0.1646977204186282 4.150251221755827e-06 -6.399238708139944e-06 0.19501740267231094 2.947132686947896e-06 -0.16469139174190192 -0.1646977204186282 2.947132686947896e-06 1.2383023464429472 -1.911374398195753e-06 4.150251221755827e-06 -0.16469139174190192 -1.911374398195753e-06 1.2382748728212158 2.71718076882e-07
0.6346930733976353 1.0022788482135725 0.5041610921322708 0.000713730542406939 0.1950225027880552 1.0526826879784433e-05 -0.16467648900458606 -1.98482597581989e-06 1.0526826879784433e-05 0.19501860449351158 -8.557916246699307e-07 -0.1646866165954895 -0.16467648900458606 -8.557916246699307e-07 1.238337776878212 3.4922257189053686e-05 -1.98482597581989e-06 -0.1646866165954895 3.4922257189053686e-05 1.238308408747016 2.63501649852e-07
0.6394003721833053 1.0226346139943259 -0.5002542276220358 -0.011454002246945998 0.19500914576410236 1.21390709741679e-06 -0.164691216752892 -7.059378507620613e-06 1.21390709741679e-06 0.19501026323540907 -6.094923684985229e-06 -0.16469070354995102 -0.164691216752892 -6.094923684985229e-06 1.2383164344347632 4.3947284145759444e-05 -7.059378507620613e-06 -0.16469070354995102 4.3947284145759444e-05 1.2383565393340874 6.68465272974e-08
0.6321712545525455 1.030697401884667 0.5023604484058863 -0.01881847696232405 0.19500822836016318 1.49384229614485e-07 -0.16468544170597785 3.1833236740363307e-06 1.49384229614485e-07 0.19500908519485483 -9.688372472806189e-08 -0.1646790589975368 -0.16468544170597785 -9.688372472806189e-08 1.238271013902212 -2.0645569840375756e-06 3.1833236740363307e-06 -0.1646790589975368 -2.0645569840375756e-06 1.238306002222313 1.73778151071e-07
0.6603653003178531 1.0277274813461723 -0.5146612154458672 -0.01700263861439254 0.19502205674768539 1.4753139874276913e-05 -0.16469803476587846 -1.1935920065704971e-05 1.4753139874276913e-05 0.19503205041174346 -2.0254439605478416e-05 -0.16471757971465828 -0.16469803476587846 -2.0254439605478416e-05 1.2383252984873288 2.037323023432167e-05 -1.1935920065704971e-05 -0.16471757971465828 2.037323023432167e-05 1.2383354287399158 2.42290979866e-07
0.6498845107115998 1.03285299775396 -0.49272192208201 -1.0045291095703948 0.1951501221674584 9.996637621969283e-06 -0.16476788044949428 5.000755737958978e-06 9.996637621969283e-06 0.19501817632728885 3.1334650623966666e-06 -0.1646824006576362 -0.16476788044949428 3.1334650623966666e-06 1.238388032256676 5.4183705349474486e-05 5.000755737958978e-06 -0.1646824006576362 5.4183705349474486e-05 1.2383356015561136 1.02912276345e-07
0.6484154619025727 1.0100871515974792 -0.5051879215807348 -1.0061396889578562 0.19511650152778778 4.80111906241595e-06 -0.16472277103349048 4.535731391105827e-06 4.80111906241595e-06 0.1950214924631075 5.450393061235258e-06 -0.1646900252627283 -0.16472277103349048 5.450393061235258e-06 1.2383794614344183 -1.4291412681748937e-06 4.535731391105827e-06 -0.1646900252627283 -1.4291412681748937e-06 1.2382794868820055 1.75689558209e-07
0.6626515704082672 1.0073453521975453 -0.5007173327407267 1.0198971695214838 0.19511712476553866 -3.835109761271077e-05 -0.16468025586281515 -5.362050381429599e-05 -3.835109761271077e-05 0.19504332322155804 -1.4052594465687556e-05 -0.16466657809637575 -0.16468025586281515 -1.4052594465687556e-05 1.2382880715743867 -3.4239230717615774e-06 -5.362050381429599e-05 -0.16466657809637575 -3.4239230717615774e-06 1.2382993664518764 3.58306588217e-08
0.6491691599172542 1.01910220573333 0.49682875203377375 -0.007526475780861663 0.1950668020274 6.858812325314292e-06 -0.164692476745739 2.0859523287894097e-05 6.858812325314292e-06 0.19504028431408402 3.885937613635371e-06 -0.16470201917900307 -0.164692476745739 3.885937613635371e-06 1.2383610109390846 4.5049522991355174e-05 2.0859523287894097e-05 -0.16470201917900307 4.5049522991355174e-05 1.2383651722677962 4.64656783999e-07
0.0 1.0 0.0 0.0 0.28624309392265185 0.0 -0.22375690607734797 0.0 0.0 0.28624309392265185 0.0 -0.22375690607734797 -0.22375690607734797 0.0 1.276243093922652 0.0 0.0 -0.22375690607734797 0.0 1.276243093922652 0.000316628698882
0.0 1.0248618784530388 0.0 0.024861878453038694 0.28624309392265185 0.0 -0.22375690607734797 0.0 0.0 0.28624309392265185 0.0 -0.22375690607734797 -0.22375690607734797 0.0 1.276243093922652 0.0 0.0 -0.22375690607734797 0.0 1.276243093922652 3.75679330876e-05
0.024861878453038694 1.0 0.024861878453038694 0.0 0.28624309392265185 0.0 -0.22375690607734797 0.0 0.0 0.28624309392265185 0.0 -0.22375690607734797 -0.22375690607734797 0.0 1.276243093922652 0.0 0.0 -0.22375690607734797 0.0 1.276243093922652 3.75679330876e-05
0.012430939226519347 1.0124309392265194 0.012430939226519347 0.012430939226519347 0.28624309392265185 0.0 -0.22375690607734797 0.0 0.0 0.28624309392265185 0.0 -0.22375690607734797 -0.22375690607734797 0.0 1.276243093922652 0.0 0.0 -0.22375690607734797 0.0 1.276243093922652 0.000109064594499
0.0 1.0248618784530388 0.0 0.024861878453038694 0.28624309392265185 0.0 -0.22375690607734797 0.0 0.0 0.28624309392265185 0.0 -0.22375690607734797 -0.22375690607734797 0.0 1.276243093922652 0.0 0.0 -0.22375690607734797 0.0 1.276243093922652 3.75679330876e-05
0.0 1.0497237569060773 0.0 0.04972375690607739 0.28624309392265185 0.0 -0.22375690607734797 0.0 0.0 0.28624309392265185 0.0 -0.22375690607734797 -0.22375690607734797 0.0 1.276243093922652 0.0 0.0 -0.22375690607734797 0.0 1.276243093922652 0.000316628698882
0.024861878453038694 1.0248618784530388 0.024861878453038694 0.024861878453038694 0.28624309392265185 0.0 -0.22375690607734797 0.0 0.0 0.28624309392265185 0.0 -0.22375690607734797 -0.22375690607734797 0.0 1.276243093922652 0.0 0.0 -0.22375690607734797 0.0 1.276243093922652 4.45742790043e-06
0.024861878453038694 1.0497237569060773 0.024861878453038694 0.04972375690607739 0.28624309392265185 0.0 -0.22375690607734797 0.0 0.0 0.28624309392265185 0.0 -0.22375690607734797 -0.22375690607734797 0.0 1.276243093922652 0.0 0.0 -0.22375690607734797 0.0 1.276243093922652 3.75679330876e-05
0.012430939226519347 1.037292817679558 0.012430939226519347 0.03729281767955803 0.28624309392265185 0.0 -0.22375690607734797 0.0 0.0 0.28624309392265185 0.0 -0.22375690607734797 -0.22375690607734797 0.0 1.276243093922652 0.0 0.0 -0.22375690607734797 0.0 1.276243093922652 0.000109064594499
0.024861878453038694 1.0 0.024861878453038694 0.0 0.28624309392265185 0.0 -0.22375690607734797 0.0 0.0 0.28624309392265185 0.0 -0.22375690607734797 -0.22375690607734797 0.0 1.276243093922652 0.0 0.0 -0.22375690607734797 0.0 1.276243093922652 3.75679330876e-05
0.024861878453038694 1.0248618784530388 0.024861878453038694 0.024861878453038694 0.28624309392265185 0.0 -0.22375690607734797 0.0 0.0 0.28624309392265185 0.0 -0.22375690607734797 -0.22375690607734797 0.0 1.276243093922652 0.0 0.0 -0.22375690607734797 0.0 1.276243093922652 4.45742790043e-06
0.04972375690607739 1.0 0.04972375690607739 0.0 0.28624309392265185 0.0 -0.22375690607734797 0.0 0.0 0.28624309392265185 0.0 -0.22375690607734797 -0.22375690607734797 0.0 1.276243093922652 0.0 0.0 -0.22375690607734797 0.0 1.276243093922652 0.000316628698882
0.04972375690607739 1.0248618784530388 0.04972375690607739 0.024861878453038694 0.28624309392265185 0.0 -0.22375690607734797 0.0 0.0 0.28624309392265185 0.0 -0.22375690607734797 -0.22375690607734797 0.0 1.276243093922652 0.0 0.0 -0.22375690607734797 0.0 1.276243093922652 3.75679330876e-05
0.03729281767955803 1.0124309392265194 0.03729281767955803 0.012430939226519347 0.28624309392265185 0.0 -0.22375690607734797 0.0 0.0 0.28624309392265185 0.0 -0.22375690607734797 -0.22375690607734797 0.0 1.276243093922652 0.0 0.0 -0.22375690607734797 0.0 1.276243093922652 0.000109064594499
0.024861878453038694 1.0248618784530388 0.024861878453038694 0.024861878453038694 0.28624309392265185 0.0 -0.22375690607734797 0.0 0.0 0.28624309392265185 0.0 -0.22375690607734797 -0.22375690607734797 0.0 1.276243093922652 0.0 0.0 -0.22375690607734797 0.0 1.276243093922652 4.45742790043e-06
0.024861878453038694 1.0497237569060773 0.024861878453038694 0.04972375690607739 0.28624309392265185 0.0 -0.22375690607734797 0.0 0.0 0.28624309392265185 0.0 -0.22375690607734797 -0.22375690607734797 0.0 1.276243093922652 0.0 0.0 -0.22375690607734797 0.0 1.276243093922652 3.75679330876e-05
0.04972375690607739 1.0248618784530388 0.04972375690607739 0.024861878453038694 0.28624309392265185 0.0 -0.22375690607734797 0.0 0.0 0.28624309392265185 0.0 -0.22375690607734797 -0.22375690607734797 0.0 1.276243093922652 0.0 0.0 -0.22375690607734797 0.0 1.276243093922652 3.75679330876e-05
0.04972375690607739 1.0497237569060773 0.04972375690607739 0.04972375690607739 0.28624309392265185 0.0 -0.22375690607734797 0.0 0.0 0.28624309392265185 0.0 -0.22375690607734797 -0.22375690607734797 0.0 1.276243093922652 0.0 0.0 -0.22375690607734797 0.0 1.276243093922652 0.000316628698882
0.03729281767955803 1.037292817679558 0.03729281767955803 0.03729281767955803 0.28624309392265185 0.0 -0.22375690607734797 0.0 0.0 0.28624309392265185 0.0 -0.22375690607734797 -0.22375690607734797 0.0 1.276243093922652 0.0 0.0 -0.22375690607734797 0.0 1.276243093922652 0.000109064594499
0.012430939226519347 1.0124309392265194 0.012430939226519347 0.012430939226519347 0.28624309392265185 0.0 -0.22375690607734797 0.0 0.0 0.28624309392265185 0.0 -0.22375690607734797 -0.22375690607734797 0.0 1.276243093922652 0.0 0.0 -0.22375690607734797 0.0 1.276243093922652 0.000109064594499
0.012430939226519347 1.037292817679558 0.012430939226519347 0.03729281767955803 0.28624309392265185 0.0 -0.22375690607734797 0.0 0.0 0.28624309392265185 0.0 -0.22375690607734797 -0.22375690607734797 0.0 1.276243093922652 0.0 0.0 -0.22375690607734797 0.0 1.276243093922652 0.000109064594499
0.03729281767955803 1.0124309392265194 0.03729281767955803 0.012430939226519347 0.28624309392265185 0.0 -0.22375690607734797 0.0 0.0 0.28624309392265185 0.0 -0.22375690607734797 -0.22375690607734797 0.0 1.276243093922652 0.0 0.0 -0.22375690607734797 0.0 1.276243093922652 0.000109064594499
0.03729281767955803 1.037292817679558 0.03729281767955803 0.03729281767955803 0.28624309392265185 0.0 -0.22375690607734797 0.0 0.0 0.28624309392265185 0.0 -0.22375690607734797 -0.22375690607734797 0.0 1.276243093922652 0.0 0.0 -0.22375690607734797 0.0 1.276243093922652 0.000109064594499
0.024861878453038697 1.0248618784530388 0.024861878453038697 0.024861878453038697 0.28624309392265185 0.0 -0.22375690607734797 0.0 0.0 0.28624309392265185 0.0 -0.22375690607734797 -0.22375690607734797 0.0 1.276243093922652 0.0 0.0 -0.22375690607734797 0.0 1.276243093922652 0.000321086126783
0 0 0 0 10.0 0 9.0 0 0 10.0 0 9.0 9.0 0 10.0 0 0 9.0 0 10.0 1
0 9 0 9 10.0 0 9.0 0 0 10.0 0 9.0 9.0 0 10.0 0 0 9.0 0 10.0 1
9 0 9 0 10.0 0 9.0 0 0 10.0 0 9.0 9.0 0 10.0 0 0 9.0 0 10.0 1
9 9 9 9 10.0 0 9.0 0 0 10.0 0 9.0 9.0 0 10.0 0 0 9.0 0 10.0 1
4.5 4.5 4.5 4.5 10.0 0 9.0 0 0 10.0 0 9.0 9.0 0 10.0 0 0 9.0 0 10.0 1
100 4
0.00045076428523526383 0.33437760072381 -0.9995334778373522 0.010222744537331723 0.016660800110222147 1.4714031112739958e-08 1.6108391387795618e-07 -8.161499908096493e-09 1.4714031112739958e-08 0.016661311269785335 2.877263984817372e-07 -1.3152445386137404e-07 1.6108391387795618e-07 2.877263984817372e-07 1.0099021175853153 -1.599262719548519e-07 -8.161499908096493e-09 -1.3152445386137404e-07 -1.599262719548519e-07 1.0099021138092885 2.46002697575e-12
0.001212902321707534 0.3351831367702449 0.47356122209519896 0.005571693000210517 0.016661470707448892 -6.317193207156719e-07 0.0003945081165887971 -3.921353359693114e-06 -6.317193207156719e-07 0.016661567831656135 -0.0003880175911760982 3.965454205696024e-06 0.0003945081165887971 -0.0003880175911760982 1.2545623873381773 -0.0024303862699199268 -3.921353359693114e-06 3.965454205696024e-06 -0.0024303862699199268 1.0099262365633934 4.70779416473e-12
0.0015689785114795316 0.33546727770058665 0.00048280569949197345 -0.9897281168949057 0.016661015302416333 1.517543139026581e-07 1.579090699672677e-07 4.449063469427058e-09 1.517543139026581e-07 0.016661015302416333 4.449063469430427e-09 1.5790906996726507e-07 1.579090699672677e-07 4.449063469430427e-09 1.0099019558963733 1.304356050642631e-10 4.449063469427058e-09 1.5790906996726507e-07 1.304356050642631e-10 1.0099019558963733 5.91058045119e-12
0.0004294696542261068 0.04042616448714825 -0.9995570700528493 0.007594109624713304 0.019611375784142543 0.0 -6.760569022905809e-05 0.0 0.0 0.019611375784142543 0.0 -6.760569022905809e-05 -6.760569022905809e-05 0.0 1.0099104934046894 0.0 0.0 -6.760569022905809e-05 0.0 1.0099104934046894 6.20493399796e-11
0.002344470933965206 0.041281736723081386 0.0010932653475079525 0.007882418877070245 0.01961314916431283 9.300545235291209e-07 -6.723306413772735e-05 1.0457954627918028e-07 9.300545235291209e-07 0.019611909320732483 1.8633018657456875e-07 -6.745239413922529e-05 -6.723306413772735e-05 1.8633018657456875e-07 1.0099106016142083 3.7918843228836985e-08 1.0457954627918028e-07 -6.745239413922529e-05 3.7918843228836985e-08 1.0099105492904903 7.13606357565e-10
0.0016037668349417038 0.040715593773116114 1.0008376997477963 0.007681862069242575 0.019614605947089084 1.3958482199039865e-06 -6.67408188673107e-05 3.425743704991264e-08 1.3958482199039865e-06 0.019611849039893017 3.3491756305642953e-07 -6.750926330749547e-05 -6.67408188673107e-05 3.3491756305642953e-07 1.0099107108837229 1.1686063308193555e-08 3.425743704991264e-08 -6.750926330749547e-05 1.1686063308193555e-08 1.0099105297150346 6.82542653226e-10
0.00044976328248290366 0.00044976328248290366 0.0004497632824829037 1.000449763282483 0.019947864854870545 0.0 4.6874755860646546e-05 0.0 0.0 0.019947864854870545 0.0 4.6874755860646546e-05 4.6874755860646546e-05 0.0 1.0099478648548705 0.0 0.0 4.6874755860646546e-05 0.0 1.0099478648548705 1.42458848043e-06
0.00044976328248290366 0.005184113624408208 0.0004497632824829037 0.005184113624408209 0.019947864854870545 0.0 4.6874755860646546e-05 0.0 0.0 0.019947864854870545 0.0 4.6874755860646546e-05 4.6874755860646546e-05 0.0 1.0099478648548705 0.0 0.0 4.6874755860646546e-05 0.0 1.0099478648548705 1.42458848043e-06
0.005184113624408208 0.00044976328248290366 0.005184113624408209 1.000449763282483 0.019947864854870545 0.0 4.6874755860646546e-05 0.0 0.0 0.019947864854870545 0.0 4.6874755860646546e-05 4.6874755860646546e-05 0.0 1.0099478648548705 0.0 0.0 4.6874755860646546e-05 0.0 1.0099478648548705 1.42458848043e-06
0.005184113624408208 0.005184113624408208 0.005184113624408209 1.0051841136244082 0.019947864854870545 0.0 4.6874755860646546e-05 0.0 0.0 0.019947864854870545 0.0 4.6874755860646546e-05 4.6874755860646546e-05 0.0 1.0099478648548705 0.0 0.0 4.6874755860646546e-05 0.0 1.0099478648548705 1.42458848043e-06
0.0028169384534455556 0.0028169384534455556 0.002816938453445556 1.0028169384534455 0.019947864854870545 0.0 4.6874755860646546e-05 0.0 0.0 0.019947864854870545 0.0 4.6874755860646546e-05 4.6874755860646546e-05 0.0 1.0099478648548705 0.0 0.0 4.6874755860646546e-05 0.0 1.0099478648548705 2.00214502996e-06
0.004189710624496113 -0.012697929052318303 -0.9801169885359331 0.12084341428249704 0.02895660700090563 2.346341292116116e-06 -0.0155193732655773 -1.8646291530893631e-06 2.346341292116116e-06 0.028956619295050858 -1.7509379038768877e-06 -0.015519278940565982 -0.0155193732655773 -1.7509379038768877e-06 1.1037248097745795 -2.6248535921787217e-05 -1.8646291530893631e-06 -0.015519278940565982 -2.6248535921787217e-05 1.103724832332091 4.58339458477e-10
0.0014305415147922295 0.04018389014733927 0.0008286447159704103 -0.9925068577297077 0.019616119663115394 -1.8802749442374913e-07 -7.426646133712495e-05 9.746841902416092e-08 -1.8802749442374913e-07 0.01961583989223353 -1.6501240374077002e-07 -7.367860873313574e-05 -7.426646133712495e-05 -1.6501240374077002e-07 1.0099536172210943 -1.573828037802632e-06 9.746841902416092e-08 -7.367860873313574e-05 -1.573828037802632e-06 1.0099501637378194 3.13806312645e-09
0.0026064255840427424 0.0024614813294839733 0.9981091230534264 -0.00011932298237745222 0.02896556338601007 3.1192566941459883e-07 -0.015529503848503122 -3.6732863656045914e-06 3.1192566941459883e-07 0.028971815895490024 -1.2946937165399488e-07 -0.015566119667846767 -0.015529503848503122 -1.2946937165399488e-07 1.103708238758896 2.495002276382565e-06 -3.6732863656045914e-06 -0.015566119667846767 2.495002276382565e-06 1.1039923529397324 1.66851676609e-09
0.0033938576935912445 -0.013324552147805455 -0.0020115078627463484 1.10138571388473 0.028957448398034 2.003281027450189e-06 -0.01551987031254706 -2.8016431522364944e-07 2.003281027450189e-06 0.028960161858331137 -1.0994021515245428e-06 -0.015528100477953706 -0.01551987031254706 -1.0994021515245428e-06 1.1037152344953693 -1.1647799562476788e-07 -2.8016431522364944e-07 -0.015528100477953706 -1.1647799562476788e-07 1.103751935708235 3.05421979955e-09
0.0005207009981838338 -0.01042691703414073 0.0023977791603055363 0.10241775627451881 0.02896431005927862 1.2576586122605103e-07 -0.015526316516000335 1.7458197987744406e-06 1.2576586122605103e-07 0.028964368410157232 2.051925339590368e-06 -0.01552564908711334 -0.015526316516000335 2.051925339590368e-06 1.1037620530977463 3.54359934397779e-05 1.7458197987744406e-06 -0.01552564908711334 3.54359934397779e-05 1.1037923103091956 1.15019626996e-09
0.003519351636196134 0.0034209882974829144 -0.9785564026657557 0.01658260883647283 0.028966417121299784 -6.114857955532358e-07 -0.015530177418447548 -1.125607310749509e-06 -6.114857955532358e-07 0.02896999942974987 1.088305027008794e-06 -0.015535184509796808 -0.015530177418447548 1.088305027008794e-06 1.1037678176915406 -4.439963020019006e-05 -1.125607310749509e-06 -0.015535184509796808 -4.439963020019006e-05 1.1037657544168897 2.29176469399e-10
0.007148968898509966 0.023656409825061932 -0.0049131510300188495 -1.1028503015324 0.15226173064821855 -1.9017279867546314e-05 -0.12737764477686161 1.4885308638522772e-05 -1.9017279867546314e-05 0.15224886489353961 2.5016640691382498e-05 -0.12735605625645255 -0.12737764477686161 2.5016640691382498e-05 1.2057367895206215 4.596586843745878e-06 1.4885308638522772e-05 -0.12735605625645255 4.596586843745878e-06 1.2057090084224371 4.0206076516e-10
0.006215903182300871 0.0015525105169985791 0.003350504466895226 1.0588359161538146 0.15225380385429851 4.339803664715646e-06 -0.1273894344977443 6.670174807622053e-05 4.339803664715646e-06 0.15223442214669905 9.773794713559808e-07 -0.1274127942495551 -0.1273894344977443 9.773794713559774e-07 1.2059088882554962 -0.0003243793376107618 6.670174807622053e-05 -0.1274127942495551 -0.0003243793376107618 1.2067176636055 4.43441695815e-11
0.014685217226529323 0.012037583069985076 0.9913038574424252 -0.01553302729826771 0.1522353597945913 -2.402211897067571e-05 -0.12732992804527218 2.243108629685507e-05 -2.402211897067571e-05 0.15222745725547707 3.9082164709374764e-05 -0.12743596764443302 -0.12732992804527218 3.9082164709374764e-05 1.205731416213086 -0.00011804589738565522 2.2431086296855078e-05 -0.12743596764443302 -0.00011804589738565522 1.2063755871120376 1.66461461255e-10
0.012565353639492443 0.014989064483974135 0.04116666053152592 -1.0114804432195803 0.15231613171500655 6.149260361922246e-05 -0.12771987717315866 -4.237210649872594e-05 6.149260361922246e-05 0.15230308506373516 -0.0002813245087631157 -0.12740048103320623 -0.12771987717315866 -0.0002813245087631157 1.20787268897313 0.00019304689164344424 -4.237210649872594e-05 -0.12740048103320623 0.00019304689164344424 1.2057474024255106 4.21899151547e-10
0.01406999079204363 0.0025277146537523725 -0.9279523768907257 0.0007475347664953795 0.15225239614282848 -1.0186229587410661e-05 -0.1273807117844284 -2.199357124821263e-05 -1.0186229587410661e-05 0.15226837051456557 -8.725887599082668e-06 -0.12741840667790424 -0.1273807117844284 -8.725887599082668e-06 1.2060364996908213 6.537233990654235e-05 -2.199357124821263e-05 -0.12741840667790424 6.537233990654235e-05 1.20640285954885 1.54478090282e-10
0.005217583559111713 0.004138787376699253 0.009985957921276252 0.0017973618476534075 0.1522826851579061 4.418298296344912e-05 -0.12723776512704885 1.9055479381792617e-05 4.418298296344912e-05 0.1522793233456139 8.190254444622231e-05 -0.12734085938071854 -0.12723776512704885 8.190254444622231e-05 1.208195178153125 0.0002827770350592396 1.9055479381792617e-05 -0.12734085938071854 0.0002827770350592396 1.2057536332064238 1.88780719472e-10
0.0 0.0 0.0 0.0 0.19500760944522386 0.0 -0.16468504030628014 0.0 0.0 0.19500760944522386 0.0 -0.16468504030628014 -0.16468504030628014 0.0 1.2382707535728723 0.0 0.0 -0.16468504030628014 0.0 1.2382707535728723 1.95528011635e-07
0.0 0.009626480118447023 0.0 0.03485639049470156 0.19500760944522386 0.0 -0.16468504030628014 0.0 0.0 0.19500760944522386 0.0 -0.16468504030628014 -0.16468504030628014 0.0 1.2382707535728723 0.0 0.0 -0.16468504030628014 0.0 1.2382707535728723 3.02837117387e-09
0.004813240059223511 0.004813240059223511 -0.9825718047526493 0.01742819524735078 0.19500760944522386 0.0 -0.16468504030628014 0.0 0.0 0.19500760944522386 0.0 -0.16468504030628014 -0.16468504030628014 0.0 1.2382707535728723 0.0 0.0 -0.16468504030628014 0.0 1.2382707535728723 2.43337501039e-08
0.0 0.015261990821106707 0.0 -1.0098982236701306 0.19500760944522386 0.0 -0.16468504030628014 0.0 0.0 0.19500760944522386 0.0 -0.16468504030628014 -0.16468504030628014 0.0 1.2382707535728723 0.0 0.0 -0.16468504030628014 0.0 1.2382707535728723 2.31986224592e-08
0.015261990821106707 0.0 0.9901017763298694 0.0 0.19500760944522386 0.0 -0.16468504030628014 0.0 0.0 0.19500760944522386 0.0 -0.16468504030628014 -0.16468504030628014 0.0 1.2382707535728723 0.0 0.0 -0.16468504030628014 0.0 1.2382707535728723 2.31986224592e-08
0.007630995410553353 0.007630995410553353 0.9950508881649347 -0.004949111835065278 0.19500760944522386 0.0 -0.16468504030628014 0.0 0.0 0.19500760944522386 0.0 -0.16468504030628014 -0.16468504030628014 0.0 1.2382707535728723 0.0 0.0 -0.16468504030628014 0.0 1.2382707535728723 6.73496883595e-08
0.0 0.015261990821106707 0.0 -0.009898223670130556 0.19500760944522386 0.0 -0.16468504030628014 0.0 0.0 0.19500760944522386 0.0 -0.16468504030628014 -0.16468504030628014 0.0 1.2382707535728723 0.0 0.0 -0.16468504030628014 0.0 1.2382707535728723 2.31986224592e-08
0.004813240059223511 0.02007523088033021 0.01742819524735078 0.007529971577220226 0.19500760944522386 0.0 -0.16468504030628014 0.0 0.0 0.19500760944522386 0.0 -0.16468504030628014 -0.16468504030628014 0.0 1.2382707535728723 0.0 0.0 -0.16468504030628014 0.0 1.2382707535728723 2.92053393369e-09
0.0 0.030523981642213413 0.0 -1.0197964473402612 0.19500760944522386 0.0 -0.16468504030628014 0.0 0.0 0.19500760944522386 0.0 -0.16468504030628014 -0.16468504030628014 0.0 1.2382707535728723 0.0 0.0 -0.16468504030628014 0.0 1.2382707535728723 1.95503139192e-07
0.015261990821106707 0.030523981642213413 -0.009898223670130556 -0.019796447340261113 0.19500760944522386 0.0 -0.16468504030628014 0.0 0.0 0.19500760944522386 0.0 -0.16468504030628014 -0.16468504030628014 0.0 1.2382707535728723 0.0 0.0 -0.16468504030628014 0.0 1.2382707535728723 2.31956714426e-08
0.007630995410553353 0.022892986231660056 -0.004949111835065278 -1.014847335505196 0.19500760944522386 0.0 -0.16468504030628014 0.0 0.0 0.19500760944522386 0.0 -0.16468504030628014 -0.16468504030628014 0.0 1.2382707535728723 0.0 0.0 -0.16468504030628014 0.0 1.2382707535728723 6.73454045626e-08
0.003021810432310589 0.038369609039239194 -0.0019598069412005573 -0.9837850778676 0.19503100727107203 -8.20827961203744e-06 -0.16470021505748758 5.323511755396928e-06 -8.20827961203744e-06 0.19501802768775248 5.323511755396763e-06 -0.16469179709810416 -0.16470021505748758 5.323511755396763e-06 1.2382805952169507 -3.4525843111250895e-06 5.323511755396928e-06 -0.16469179709810416 -3.4525843111250895e-06 1.2382751357165618 4.62659275063e-09
0.015261990821106707 0.0 0.9901017763298694 0.0 0.19500760944522386 0.0 -0.16468504030628014 0.0 0.0 0.19500760944522386 0.0 -0.16468504030628014 -0.16468504030628014 0.0 1.2382707535728723 0.0 0.0 -0.16468504030628014 0.0 1.2382707535728723 2.31986224592e-08
0.012608334331177442 0.0 -0.9670775026844576 0.0 0.1950442270223025 0.0 -0.16470878877870626 0.0 0.0 0.1950076094452239 0.0 -0.16468504030628017 -0.16470878877870626 0.0 1.2382861557372857 0.0 0.0 -0.16468504030628017 0.0 1.2382707535728728 3.76371815172e-09
0.018990415327047473 0.005898055612506252 0.01153237043548582 0.01342579638908518 0.1950102854423008 -2.67599707700343e-06 -0.16468909371809062 4.053411810484347e-06 -2.67599707700343e-06 0.1950102854423008 4.053411810484374e-06 -0.16468909371809062 -0.16468909371809062 4.053411810484374e-06 1.2384017968672476 -0.00013104329437539102 4.053411810484347e-06 -0.16468909371809062 -0.00013104329437539102 1.2384017968672476 4.33504040602e-09
0.030523981642213413 0.0 -0.019796447340261113 0.0 0.19500760944522386 0.0 -0.16468504030628014 0.0 0.0 0.19500760944522386 0.0 -0.16468504030628014 -0.16468504030628014 0.0 1.2382707535728723 0.0 0.0 -0.16468504030628014 0.0 1.2382707535728723 1.95503139192e-07
0.03533722170143693 0.004813240059223511 -0.0023682520929103335 1.0174281952473507 0.19500760944522386 0.0 -0.16468504030628014 0.0 0.0 0.19500760944522386 0.0 -0.16468504030628014 -0.16468504030628014 0.0 1.2382707535728723 0.0 0.0 -0.16468504030628014 0.0 1.2382707535728723 2.48973884056e-08
0.030523981642213413 0.015261990821106707 -0.019796447340261113 -1.0098982236701306 0.19500760944522386 0.0 -0.16468504030628014 0.0 0.0 0.19500760944522386 0.0 -0.16468504030628014 -0.16468504030628014 0.0 1.2382707535728723 0.0 0.0 -0.16468504030628014 0.0 1.2382707535728723 2.31956714426e-08
0.022892986231660056 0.007630995410553353 0.9851526644948042 -0.004949111835065278 0.19500760944522386 0.0 -0.16468504030628014 0.0 0.0 0.19500760944522386 0.0 -0.16468504030628014 -0.16468504030628014 0.0 1.2382707535728723 0.0 0.0 -0.16468504030628014 0.0 1.2382707535728723 6.73454045626e-08
0.015261990821106707 0.030523981642213413 -0.009898223670130556 -1.0197964473402612 0.19500760944522386 0.0 -0.16468504030628014 0.0 0.0 0.19500760944522386 0.0 -0.16468504030628014 -0.16468504030628014 0.0 1.2382707535728723 0.0 0.0 -0.16468504030628014 0.0 1.2382707535728723 2.31956714426e-08
0.004832301961060333 0.03534899186178715 0.017466084572963756 -1.0023256336799176 0.19500784721477113 9.15251478847715e-08 -0.16468480375149677 3.3140215899304105e-07 9.15251478847715e-08 0.19500766595929447 1.819244564193192e-07 -0.16468483567525302 -0.16468480375149677 1.819244564193192e-07 1.2382713768699423 6.587277816464389e-07 3.3140215899304105e-07 -0.16468483567525302 6.587277816464389e-07 1.238271494518566 2.49584210185e-08
0.030523981642213413 0.015261990821106707 0.9802035526597389 -0.009898223670130556 0.19500760944522386 0.0 -0.16468504030628014 0.0 0.0 0.19500760944522386 0.0 -0.16468504030628014 -0.16468504030628014 0.0 1.2382707535728723 0.0 0.0 -0.16468504030628014 0.0 1.2382707535728723 2.31956714426e-08
0.03533722170143693 0.02007523088033021 -0.0023682520929103335 -0.9924700284227798 0.19500760944522386 0.0 -0.16468504030628014 0.0 0.0 0.19500760944522386 0.0 -0.16468504030628014 -0.16468504030628014 0.0 1.2382707535728723 0.0 0.0 -0.16468504030628014 0.0 1.2382707535728723 2.98818173887e-09
0.030523981642213413 0.030523981642213413 0.9802035526597389 -0.019796447340261113 0.19500760944522386 0.0 -0.16468504030628014 0.0 0.0 0.19500760944522386 0.0 -0.16468504030628014 -0.16468504030628014 0.0 1.2382707535728723 0.0 0.0 -0.16468504030628014 0.0 1.2382707535728723 1.95478269913e-07
0.030523981642213413 0.04015046176066042 -0.019796447340261113 -0.9849400568455595 0.19500760944522386 0.0 -0.16468504030628014 0.0 0.0 0.19500760944522386 0.0 -0.16468504030628014 -0.16468504030628014 0.0 1.2382707535728723 0.0 0.0 -0.16468504030628014 0.0 1.2382707535728723 3.1702871841e-09
0.0353469170185514 0.0353469170185514 -0.0023331464514760973 -1.002333146451476 0.1950076560171134 4.657188954830147e-08 -0.16468487167476079 1.6863151932978693e-07 4.657188954830147e-08 0.1950076560171134 1.6863151932978749e-07 -0.16468487167476079 -0.16468487167476079 1.6863151932978749e-07 1.2382713641684395 6.105955671388367e-07 1.6863151932978693e-07 -0.16468487167476079 6.105955671388367e-07 1.2382713641684395 2.55254982121e-08
0.022892986231660056 0.022892986231660056 -0.014847335505195828 -1.014847335505196 0.19500760944522386 0.0 -0.16468504030628014 0.0 0.0 0.19500760944522386 0.0 -0.16468504030628014 -0.16468504030628014 0.0 1.2382707535728723 0.0 0.0 -0.16468504030628014 0.0 1.2382707535728723 6.73411210382e-08
0.020506377245512224 0.034906075336254914 0.0041060069641845045 0.0010557125201253888 0.19500863842301333 -1.0289777894883725e-06 -0.16469321197099387 8.171664713723233e-06 -1.0289777894883725e-06 0.19500863842301333 8.171664713723258e-06 -0.16469321197099387 -0.16469321197099387 8.171664713723258e-06 1.2383356491467863 -6.489557391390534e-05 8.171664713723233e-06 -0.16469321197099387 -6.489557391390534e-05 1.2383356491467863 7.05600719206e-09
0.027391116779696374 0.027391116779696374 0.0028243657123698594 0.0028243657123698594 0.19500996753960362 2.3580943797581995e-06 -0.16468695430372715 -1.9139974470105883e-06 2.3580943797581995e-06 0.19500996753960362 -1.9139974470105883e-06 -0.16468695430372715 -0.16468695430372715 -1.9139974470105883e-06 1.2382730471655434 2.293592671259882e-06 -1.9139974470105883e-06 -0.16468695430372715 2.293592671259882e-06 1.2382730471655434 9.04296400254e-09
0.007630995410553353 0.007630995410553353 -0.004949111835065278 -1.0049491118350653 0.19500760944522386 0.0 -0.16468504030628014 0.0 0.0 0.19500760944522386 0.0 -0.16468504030628014 -0.16468504030628014 0.0 1.2382707535728723 0.0 0.0 -0.16468504030628014 0.0 1.2382707535728723 6.73496883595e-08
0.008741186591569573 0.016147284347984153 0.9943308693446435 0.030627297479927245 0.19501484878457256 -7.239339348765397e-06 -0.16468973540804882 4.695101768699738e-06 -7.239339348765397e-06 0.19501484878457256 4.695101768699748e-06 -0.16468973540804882 -0.16468973540804882 4.695101768699748e-06 1.2382737985994356 -3.0450265633986133e-06 4.695101768699738e-06 -0.16468973540804882 -3.0450265633986133e-06 1.2382737985994356 2.46970872557e-09
0.012443424554783849 0.01244852550043098 0.012576725116945235 1.0125734168787517 0.1950077108463962 9.181506246150773e-09 -0.16468512265582735 -2.254012309802814e-08 9.181506246150773e-09 0.19500775993280128 8.178811585668835e-08 -0.16468505016276785 -0.16468512265582735 8.178811585668835e-08 1.2382728040199338 1.9439949399590775e-06 -2.254012309802814e-08 -0.16468505016276785 1.9439949399590775e-06 1.2382726893417908 1.70381692506e-08
0.007630995410553353 0.022892986231660056 -0.004949111835065278 -1.014847335505196 0.19500760944522386 0.0 -0.16468504030628014 0.0 0.0 0.19500760944522386 0.0 -0.16468504030628014 -0.16468504030628014 0.0 1.2382707535728723 0.0 0.0 -0.16468504030628014 0.0 1.2382707535728723 6.73454045626e-08
0.0122694488670155 0.026844775587221273 -0.9668577171949924 -0.017410283904069887 0.1950290751732061 -2.1619263701011477e-06 -0.16469896198788125 1.4021257790314233e-06 -2.1619263701011477e-06 0.19503833894407605 1.402125779031447e-06 -0.16470497004260848 -0.16469896198788125 1.402125779031447e-06 1.2382797825337706 -9.093541424042711e-07 1.4021257790314233e-06 -0.16470497004260848 -9.093541424042711e-07 1.2382836790810958 5.16935623865e-09
0.01134488227862029 0.026605823621263455 -0.9867719386014496 0.003330518371770483 0.19501490798249155 7.2843235630223175e-06 -0.16468955023427334 -4.5007096396058326e-06 7.2843235630223175e-06 0.1950148955711116 -4.522238486190621e-06 -0.16468956371367105 -0.16468955023427334 -4.522238486190621e-06 1.238274271765488 3.526176633653023e-06 -4.5007096396058326e-06 -0.16468956371367105 3.526176633653023e-06 1.2382742944702212 2.01086678894e-08
0.022892986231660056 0.007630995410553353 -0.014847335505195828 -1.0049491118350653 0.19500760944522386 0.0 -0.16468504030628014 0.0 0.0 0.19500760944522386 0.0 -0.16468504030628014 -0.16468504030628014 0.0 1.2382707535728723 0.0 0.0 -0.16468504030628014 0.0 1.2382707535728723 6.73454045626e-08
0.022488719688659328 0.012747786120126404 0.026514534857578764 -1.0082676264056911 0.19505853251391325 -2.521696531529674e-05 -0.16471806666108307 1.635456120361031e-05 -2.521696531529674e-05 0.19505797009470097 1.6354561203610492e-05 -0.16471770190190949 -0.16471806666108307 1.6354561203610492e-05 1.2382921729440857 -1.0606814452823502e-05 1.635456120361031e-05 -0.16471770190190949 -1.0606814452823502e-05 1.2382919363781009 3.27729577985e-09
0.040114731773618816 0.00180078900706551 0.015083115976886365 -0.0004168260765465533 0.195007880823959 -5.522672091348444e-07 -0.16468521631001723 -1.0834798692719808e-06 -5.522672091348444e-07 0.19503127407948176 3.581750523749119e-07 -0.1646930418651525 -0.16468521631001723 3.581750523749119e-07 1.2382708677207825 7.026950948827962e-07 -1.0834798692719808e-06 -0.1646930418651525 7.026950948827962e-07 1.2383014837206898 3.61290496616e-09
0.02712988429753402 0.011216911865304663 1.0043443121372155 0.011885405375146011 0.19501904442671708 6.642877288035187e-06 -0.16468222670682808 -1.453806526984701e-05 6.642877288035187e-06 0.19501530310278564 -6.5513857722463165e-06 -0.16468778693609848 -0.16468222670682808 -6.5513857722463165e-06 1.2382889204244203 -1.574269565259237e-05 -1.453806526984701e-05 -0.16468778693609848 -1.574269565259237e-05 1.2382977063249359 2.15293545469e-08
0.022059486843512114 0.022059486843512114 0.9856932337737082 -0.014306766226291817 0.19501327515399947 5.665708775612974e-06 -0.16468871482380334 -3.674517523184573e-06 5.665708775612974e-06 0.19501327515399947 -3.674517523184524e-06 -0.16468871482380334 -0.16468871482380334 -3.674517523184524e-06 1.238273136695543 2.3831226706017046e-06 -3.674517523184573e-06 -0.16468871482380334 2.3831226706017046e-06 1.238273136695543 7.55983944515e-08
0.018639012507249673 0.028390515843774673 0.9879115957446409 0.02268690194365645 0.19506364148369087 -2.7015186855902124e-05 -0.1647213801033578 1.752080479699173e-05 -2.7015186855902124e-05 0.1950632744744739 1.7520804796991492e-05 -0.16472114207809876 -0.1647213801033578 1.7520804796991492e-05 1.2382943218899953 -1.13631862837631e-05 1.752080479699173e-05 -0.16472114207809876 -1.13631862837631e-05 1.2382941675177854 4.04555380357e-09
0.03627343042956715 0.027631769922785796 0.017574406944982978 -1.0179206921497472 0.1950296788355126 1.0857258904924702e-05 -0.16469935349542444 -7.041517607049806e-06 1.0857258904924702e-05 0.19502131501095119 -7.0415176070502116e-06 -0.1646939291043855 -0.16469935349542444 -7.0415176070502116e-06 1.2382800364475146 4.566803706587961e-06 -7.041517607049806e-06 -0.1646939291043855 4.566803706587961e-06 1.2382765184375506 5.69720133119e-09
0.02967387289755998 0.02575888909956847 1.0013951355357287 0.003934213546696273 0.1950186932514278 -1.1026013864558242e-05 -0.16469197150845455 7.40820786125387e-06 -1.1026013864558242e-05 0.19501889695994196 7.309239996092023e-06 -0.16469220259227105 -0.16469197150845455 7.309239996092023e-06 1.2382769315419453 -3.0577252356296476e-06 7.40820786125387e-06 -0.16469220259227105 -3.0577252356296476e-06 1.2382771455982506 1.17149349096e-08
0.015261990821106713 0.015261990821106713 -0.009898223670130558 -1.0098982236701306 0.19500760944522386 0.0 -0.16468504030628014 0.0 0.0 0.19500760944522386 0.0 -0.16468504030628014 -0.16468504030628014 0.0 1.2382707535728723 0.0 0.0 -0.16468504030628014 0.0 1.2382707535728723 1.98267999489e-07
0.012399970783165064 0.02488847093955373 -0.008042049412394519 1.024958166824571 0.19504309841007517 -6.384553956442493e-20 -0.16470805681284456 0.0 -6.384553956442493e-20 0.19500760944522386 4.140727368770766e-20 -0.16468504030628014 -0.16470805681284456 4.140727368770766e-20 1.2382856810179714 0.0 0.0 -0.16468504030628014 0.0 1.2382707535728728 3.92130686629e-09
0.02488847093955372 0.015251935872724066 -0.975041833175429 -0.009818371930145342 0.19500760944522386 -2.7858294056366917e-22 -0.16468504030628014 2.2123766018130392e-21 -2.7858294056366917e-22 0.1950076660088911 0.0 -0.16468548950871034 -0.16468504030628014 0.0 1.2382707535728725 0.0 2.2123766018130392e-21 -0.16468548950871034 0.0 1.2382743209303855 3.19165447811e-09
0.02870289565218362 0.012862958087379216 -0.01805316353390356 1.0327573600854028 0.19501850467884044 -8.283300886124106e-06 -0.16469259339496412 5.372167095294782e-06 -8.283300886124106e-06 0.19503291356054314 1.2133047332799969e-05 -0.16470145138895875 -0.16469259339496412 1.2133047332799969e-05 1.2382987585937544 -7.86893516763499e-06 5.372167095294782e-06 -0.16470145138895875 -7.86893516763499e-06 1.238281397044548 4.5124749153e-09
0.020075230880330225 0.020075230880330225 0.007529971577220213 -0.99247002842278 0.19500760944522386 5.132071891984187e-36 -0.16468504030628017 -2.0530212050103308e-35 5.132071891984187e-36 0.19500760944522386 -5.132071891984187e-36 -0.16468504030628017 -0.16468504030628017 -5.132071891984187e-36 1.2382707535728725 2.0530212050103308e-35 -2.0530212050103308e-35 -0.16468504030628017 2.0530212050103308e-35 1.2382707535728725 2.59505385687e-08
0.0 0.0 0.0 0.0 0.28624309392265185 0.0 -0.22375690607734797 0.0 0.0 0.28624309392265185 0.0 -0.22375690607734797 -0.22375690607734797 0.0 1.276243093922652 0.0 0.0 -0.22375690607734797 0.0 1.276243093922652 0.000316628698882
0.0 0.024861878453038694 0.0 0.024861878453038694 0.28624309392265185 0.0 -0.22375690607734797 0.0 0.0 0.28624309392265185 0.0 -0.22375690607734797 -0.22375690607734797 0.0 1.276243093922652 0.0 0.0 -0.22375690607734797 0.0 1.276243093922652 3.75679330876e-05
0.024861878453038694 0.0 0.024861878453038694 0.0 0.28624309392265185 0.0 -0.22375690607734797 0.0 0.0 0.28624309392265185 0.0 -0.22375690607734797 -0.22375690607734797 0.0 1.276243093922652 0.0 0.0 -0.22375690607734797 0.0 1.276243093922652 3.75679330876e-05
0.012430939226519347 0.012430939226519347 0.012430939226519347 0.012430939226519347 0.28624309392265185 0.0 -0.22375690607734797 0.0 0.0 0.28624309392265185 0.0 -0.22375690607734797 -0.22375690607734797 0.0 1.276243093922652 0.0 0.0 -0.22375690607734797 0.0 1.276243093922652 0.000109064594499
0.0 0.024861878453038694 0.0 0.024861878453038694 0.28624309392265185 0.0 -0.22375690607734797 0.0 0.0 0.28624309392265185 0.0 -0.22375690607734797 -0.22375690607734797 0.0 1.276243093922652 0.0 0.0 -0.22375690607734797 0.0 1.276243093922652 3.75679330876e-05
0.0 0.04972375690607739 0.0 0.04972375690607739 0.28624309392265185 0.0 -0.22375690607734797 0.0 0.0 0.28624309392265185 0.0 -0.22375690607734797 -0.22375690607734797 0.0 1.276243093922652 0.0 0.0 -0.22375690607734797 0.0 1.276243093922652 0.000316628698882
0.024861878453038694 0.024861878453038694 0.024861878453038694 0.024861878453038694 0.28624309392265185 0.0 -0.22375690607734797 0.0 0.0 0.28624309392265185 0.0 -0.22375690607734797 -0.22375690607734797 0.0 1.276243093922652 0.0 0.0 -0.22375690607734797 0.0 1.276243093922652 4.45742790043e-06
0.024861878453038694 0.04972375690607739 0.024861878453038694 0.04972375690607739 0.28624309392265185 0.0 -0.22375690607734797 0.0 0.0 0.28624309392265185 0.0 -0.22375690607734797 -0.22375690607734797 0.0 1.276243093922652 0.0 0.0 -0.22375690607734797 0.0 1.276243093922652 3.75679330876e-05
0.012430939226519347 0.03729281767955803 0.012430939226519347 0.03729281767955803 0.28624309392265185 0.0 -0.22375690607734797 0.0 0.0 0.28624309392265185 0.0 -0.22375690607734797 -0.22375690607734797 0.0 1.276243093922652 0.0 0.0 -0.22375690607734797 0.0 1.276243093922652 0.000109064594499
0.024861878453038694 0.0 0.024861878453038694 0.0 0.28624309392265185 0.0 -0.22375690607734797 0.0 0.0 0.28624309392265185 0.0 -0.22375690607734797 -0.22375690607734797 0.0 1.276243093922652 0.0 0.0 -0.22375690607734797 0.0 1.276243093922652 3.75679330876e-05
0.024861878453038694 0.024861878453038694 0.024861878453038694 0.024861878453038694 0.28624309392265185 0.0 -0.22375690607734797 0.0 0.0 0.28624309392265185 0.0 -0.22375690607734797 -0.22375690607734797 0.0 1.276243093922652 0.0 0.0 -0.22375690607734797 0.0 1.276243093922652 4.45742790043e-06
0.04972375690607739 0.0 0.04972375690607739 0.0 0.28624309392265185 0.0 -0.22375690607734797 0.0 0.0 0.28624309392265185 0.0 -0.22375690607734797 -0.22375690607734797 0.0 1.276243093922652 0.0 0.0 -0.22375690607734797 0.0 1.276243093922652 0.000316628698882
0.04972375690607739 0.024861878453038694 0.04972375690607739 0.024861878453038694 0.28624309392265185 0.0 -0.22375690607734797 0.0 0.0 0.28624309392265185 0.0 -0.22375690607734797 -0.22375690607734797 0.0 1.276243093922652 0.0 0.0 -0.22375690607734797 0.0 1.276243093922652 3.75679330876e-05
0.03729281767955803 0.012430939226519347 0.03729281767955803 0.012430939226519347 0.28624309392265185 0.0 -0.22375690607734797 0.0 0.0 0.28624309392265185 0.0 -0.22375690607734797 -0.22375690607734797 0.0 1.276243093922652 0.0 0.0 -0.22375690607734797 0.0 1.276243093922652 0.000109064594499
0.024861878453038694 0.024861878453038694 0.024861878453038694 0.024861878453038694 0.28624309392265185 0.0 -0.22375690607734797 0.0 0.0 0.28624309392265185 0.0 -0.22375690607734797 -0.22375690607734797 0.0 1.276243093922652 0.0 0.0 -0.22375690607734797 0.0 1.276243093922652 4.45742790043e-06
0.024861878453038694 0.04972375690607739 0.024861878453038694 0.04972375690607739 0.28624309392265185 0.0 -0.22375690607734797 0.0 0.0 0.28624309392265185 0.0 -0.22375690607734797 -0.22375690607734797 0.0 1.276243093922652 0.0 0.0 -0.22375690607734797 0.0 1.276243093922652 3.75679330876e-05
0.04972375690607739 0.024861878453038694 0.04972375690607739 0.024861878453038694 0.28624309392265185 0.0 -0.22375690607734797 0.0 0.0 0.28624309392265185 0.0 -0.22375690607734797 -0.22375690607734797 0.0 1.276243093922652 0.0 0.0 -0.22375690607734797 0.0 1.276243093922652 3.75679330876e-05
0.04972375690607739 0.04972375690607739 0.04972375690607739 0.04972375690607739 0.28624309392265185 0.0 -0.22375690607734797 0.0 0.0 0.28624309392265185 0.0 -0.22375690607734797 -0.22375690607734797 0.0 1.276243093922652 0.0 0.0 -0.22375690607734797 0.0 1.276243093922652 0.000316628698882
0.03729281767955803 0.03729281767955803 0.03729281767955803 0.03729281767955803 0.28624309392265185 0.0 -0.22375690607734797 0.0 0.0 0.28624309392265185 0.0 -0.22375690607734797 -0.22375690607734797 0.0 1.276243093922652 0.0 0.0 -0.22375690607734797 0.0 1.276243093922652 0.000109064594499
0.012430939226519347 0.012430939226519347 0.012430939226519347 0.012430939226519347 0.28624309392265185 0.0 -0.22375690607734797 0.0 0.0 0.28624309392265185 0.0 -0.22375690607734797 -0.22375690607734797 0.0 1.276243093922652 0.0 0.0 -0.22375690607734797 0.0 1.276243093922652 0.000109064594499
0.012430939226519347 0.03729281767955803 0.012430939226519347 0.03729281767955803 0.28624309392265185 0.0 -0.22375690607734797 0.0 0.0 0.28624309392265185 0.0 -0.22375690607734797 -0.22375690607734797 0.0 1.276243093922652 0.0 0.0 -0.22375690607734797 0.0 1.276243093922652 0.000109064594499
0.03729281767955803 0.012430939226519347 0.03729281767955803 0.012430939226519347 0.28624309392265185 0.0 -0.22375690607734797 0.0 0.0 0.28624309392265185 0.0 -0.22375690607734797 -0.22375690607734797 0.0 1.276243093922652 0.0 0.0 -0.22375690607734797 0.0 1.276243093922652 0.000109064594499
0.03729281767955803 0.03729281767955803 0.03729281767955803 0.03729281767955803 0.28624309392265185 0.0 -0.22375690607734797 0.0 0.0 0.28624309392265185 0.0 -0.22375690607734797 -0.22375690607734797 0.0 1.276243093922652 0.0 0.0 -0.22375690607734797 0.0 1.276243093922652 0.000109064594499
0.024861878453038697 0.024861878453038697 0.024861878453038697 0.024861878453038697 0.28624309392265185 0.0 -0.22375690607734797 0.0 0.0 0.28624309392265185 0.0 -0.22375690607734797 -0.22375690607734797 0.0 1.276243093922652 0.0 0.0 -0.22375690607734797 0.0 1.276243093922652 0.000321086126783
0 0 0 0 10.0 0 9.0 0 0 10.0 0 9.0 9.0 0 10.0 0 0 9.0 0 10.0 1
0 9 0 9 10.0 0 9.0 0 0 10.0 0 9.0 9.0 0 10.0 0 0 9.0 0 10.0 1
9 0 9 0 10.0 0 9.0 0 0 10.0 0 9.0 9.0 0 10.0 0 0 9.0 0 10.0 1
9 9 9 9 10.0 0 9.0 0 0 10.0 0 9.0 9.0 0 10.0 0 0 9.0 0 10.0 1
4.5 4.5 4.5 4.5 10.0 0 9.0 0 0 10.0 0 9.0 9.0 0 10.0 0 0 9.0 0 10.0 1
