11 -1
2.9999999999999996 1.3333333333333333 2.9999999999999996 1.3333333333333333 1.6666666666666665 0.6666666666666666 0.6666666666666666 0.6666666666666666 0.6666666666666666 1.8888888888888888 0.6666666666666666 0.8888888888888888 0.6666666666666666 0.6666666666666666 1.6666666666666665 0.6666666666666666 0.6666666666666666 0.8888888888888888 0.6666666666666666 1.8888888888888888 13.2
3 4 3 4 1 0 0 0 0 1 0 0 0 0 1 0 0 0 0 1 4.4
3.0 6.0 3.0 6.0 1.6666666666666665 0.0 0.6666666666666666 0.0 0.0 1.0 0.0 0.0 0.6666666666666666 0.0 1.6666666666666665 0.0 0.0 0.0 0.0 1.0 13.2
2 2 2 2 1 0 0 0 0 1 0 0 0 0 1 0 0 0 0 1 4.4
4.551424398093054 -0.4010282761375462 4.406052233759024 -0.4010282761375462 4.433690821784364 0.17574431237784033 3.4091722733352774 0.17574431237784033 0.17574431237784033 1.5819057662133593 0.19454316380087872 0.581830143008275 3.4091722733352774 0.19454316380087872 4.549717171769835 0.19454316380087872 0.17574431237784033 0.581830143008275 0.19454316380087872 1.6952649506349176 94.2259561222
-0.4583333333333334 -0.5 -0.5416666666666667 -0.5 2.3316138888888895 0.020833333333333346 1.3142361111111114 0.020833333333333346 0.020833333333333346 1.2500166666666668 0.020833333333333343 0.25000000000000006 1.3142361111111114 0.020833333333333343 2.3565972222222227 0.020833333333333343 0.020833333333333346 0.25000000000000006 0.020833333333333343 1.2750000000000001 42.24
1.0506329113924051 5.265822784810126 1.0506329113924051 5.265822784810126 1.6809907386636755 -0.6970036853068418 0.6809806120813972 -0.6970036853068418 -0.6970036853068418 1.9293483736580677 -0.6970036853068418 0.929338247075789 0.6809806120813972 -0.6970036853068418 1.6961704854991186 -0.6970036853068418 -0.6970036853068418 0.929338247075789 -0.6970036853068418 1.9445281204935103 13.904
0.18308029191980263 1.2262075751827077 -0.063293544606773 1.2262075751827077 2.3023880262153082 0.524954085952671 1.2620071750714117 0.524954085952671 0.524954085952671 2.3950957036339626 0.6057733061562837 1.3949569070003067 1.2620071750714117 0.6057733061562837 2.492446922135352 0.6057733061562837 0.524954085952671 1.3949569070003067 0.6057733061562837 2.603151857483138 32.5299267308
4.0 2.0 3.5 2.0 1.2501 0.0 0.25 0.0 0.0 1.0001 0.0 0.0 0.25 0.0 1.4 0.0 0.0 0.0 0.0 1.15 3.52
-0.44709840587748045 4.397366246603937 -0.6082721380380887 4.397366246603937 2.9270620708805244 0.4548741273405265 1.8232382524476018 0.4548741273405265 0.4548741273405265 3.0064585542919975 0.39556932687756874 2.0063809113402433 1.8232382524476018 0.39556932687756874 2.8905663987950074 0.39556932687756874 0.4548741273405265 2.0063809113402433 0.39556932687756874 3.1228453389699458 64.6599798645
5.630415274592453 4.203375022753316 5.444226655172355 4.203375022753316 2.7465240840747667 -0.21622575258028096 1.7807903720823206 -0.21622575258028096 -0.21622575258028096 3.280489513221845 -0.22829368250755974 2.280407577639196 1.7807903720823206 -0.22829368250755974 2.9964700773720097 -0.22829368250755974 -0.21622575258028096 2.280407577639196 -0.22829368250755974 3.403310951611708 80.3868039487
